frame_index,timestamp_ms,hand_detected,detection_confidence,tracking_confidence,l0_x,l0_y,l0_z,l1_x,l1_y,l1_z,l2_x,l2_y,l2_z,l3_x,l3_y,l3_z,l4_x,l4_y,l4_z,l5_x,l5_y,l5_z,l6_x,l6_y,l6_z,l7_x,l7_y,l7_z,l8_x,l8_y,l8_z,l9_x,l9_y,l9_z,l10_x,l10_y,l10_z,l11_x,l11_y,l11_z,l12_x,l12_y,l12_z,l13_x,l13_y,l13_z,l14_x,l14_y,l14_z,l15_x,l15_y,l15_z,l16_x,l16_y,l16_z,l17_x,l17_y,l17_z,l18_x,l18_y,l18_z,l19_x,l19_y,l19_z,l20_x,l20_y,l20_z
0,0,True,0.997,0.997,0.41358,0.365032,0.0,0.434896,0.326987,0.003344,0.463333,0.311479,0.000595,0.486712,0.323463,-0.003916,0.499568,0.346894,-0.007012,0.475953,0.295296,-0.002504,0.509605,0.308678,-0.007944,0.517277,0.329912,-0.00988,0.514806,0.344808,-0.010367,0.479427,0.316766,-0.008265,0.515482,0.335814,-0.011087,0.518455,0.356533,-0.011167,0.512436,0.367116,-0.011322,0.479534,0.343201,-0.013907,0.513791,0.364594,-0.015013,0.514771,0.380593,-0.012877,0.508043,0.386755,-0.011932,0.476733,0.371537,-0.019559,0.500339,0.392047,-0.019302,0.501979,0.40266,-0.01673,0.497892,0.406799,-0.014862
1,33,True,0.9874,0.9874,0.422638,0.386991,0.0,0.439886,0.348537,0.006464,0.467332,0.32851,0.005487,0.492696,0.333502,0.002148,0.50899,0.348606,-0.000463,0.481674,0.307059,0.000288,0.518481,0.318412,-0.004611,0.529647,0.338298,-0.007092,0.531191,0.355076,-0.007777,0.485996,0.325068,-0.006042,0.522622,0.343777,-0.007744,0.531709,0.364254,-0.008387,0.532167,0.381437,-0.008525,0.487892,0.349164,-0.011898,0.521017,0.369858,-0.011811,0.529095,0.386873,-0.01085,0.530489,0.400461,-0.010434,0.487443,0.376916,-0.017503,0.513623,0.398724,-0.015723,0.520037,0.411993,-0.013034,0.522062,0.422577,-0.010585
2,66,True,0.9922,0.9922,0.430611,0.404389,0.0,0.447223,0.362034,0.008393,0.475116,0.339987,0.006923,0.501203,0.342919,0.002682,0.518947,0.356058,-0.0012,0.488109,0.318946,-0.003399,0.527206,0.325908,-0.009293,0.539164,0.346765,-0.011214,0.540519,0.364058,-0.011367,0.492786,0.33701,-0.011195,0.532969,0.354899,-0.013078,0.538637,0.378149,-0.01149,0.534982,0.391936,-0.010623,0.494463,0.362004,-0.018185,0.534217,0.382781,-0.019004,0.537079,0.402158,-0.015566,0.531272,0.412151,-0.013599,0.493432,0.390158,-0.024645,0.525464,0.41274,-0.023231,0.528925,0.426122,-0.019242,0.5255,0.431739,-0.016162
3,100,True,0.9959,0.9959,0.43859,0.41884,0.0,0.455626,0.37854,0.006018,0.483206,0.353658,0.002361,0.509777,0.353102,-0.003982,0.529492,0.365905,-0.009633,0.49203,0.329768,-0.007665,0.531505,0.329575,-0.017553,0.54655,0.351206,-0.022092,0.549588,0.368816,-0.024093,0.496194,0.348424,-0.016603,0.539712,0.363677,-0.023083,0.542231,0.387453,-0.022631,0.535004,0.39583,-0.022379,0.497935,0.37471,-0.025022,0.539519,0.394941,-0.029048,0.536038,0.412369,-0.023584,0.525259,0.41481,-0.02024,0.497552,0.404434,-0.033335,0.529679,0.42605,-0.033718,0.525796,0.436162,-0.02793,0.515692,0.435155,-0.023733
4,133,True,0.9966,0.9966,0.450512,0.432872,0.0,0.470813,0.397552,0.000371,0.502831,0.374283,-0.007766,0.534257,0.372557,-0.017317,0.555192,0.385764,-0.025162,0.493779,0.342615,-0.017301,0.53205,0.329696,-0.031618,0.551493,0.349063,-0.037834,0.555727,0.369541,-0.040186,0.492551,0.358525,-0.025307,0.539473,0.362394,-0.038694,0.544999,0.389537,-0.040038,0.536672,0.403287,-0.039422,0.492701,0.384649,-0.032904,0.53877,0.398573,-0.042577,0.538868,0.420916,-0.036515,0.52842,0.428868,-0.031175,0.494259,0.415296,-0.040753,0.530723,0.433057,-0.044374,0.530678,0.447351,-0.03836,0.522837,0.451746,-0.033374
5,166,False,0.0,0.0,0.0,0.0,0.0,0.0,0.0,0.0,0.0,0.0,0.0,0.0,0.0,0.0,0.0,0.0,0.0,0.0,0.0,0.0,0.0,0.0,0.0,0.0,0.0,0.0,0.0,0.0,0.0,0.0,0.0,0.0,0.0,0.0,0.0,0.0,0.0,0.0,0.0,0.0,0.0,0.0,0.0,0.0,0.0,0.0,0.0,0.0,0.0,0.0,0.0,0.0,0.0,0.0,0.0,0.0,0.0,0.0,0.0,0.0,0.0,0.0,0.0,0.0,0.0
6,200,False,0.0,0.0,0.0,0.0,0.0,0.0,0.0,0.0,0.0,0.0,0.0,0.0,0.0,0.0,0.0,0.0,0.0,0.0,0.0,0.0,0.0,0.0,0.0,0.0,0.0,0.0,0.0,0.0,0.0,0.0,0.0,0.0,0.0,0.0,0.0,0.0,0.0,0.0,0.0,0.0,0.0,0.0,0.0,0.0,0.0,0.0,0.0,0.0,0.0,0.0,0.0,0.0,0.0,0.0,0.0,0.0,0.0,0.0,0.0,0.0,0.0,0.0,0.0,0.0,0.0
7,233,False,0.0,0.0,0.0,0.0,0.0,0.0,0.0,0.0,0.0,0.0,0.0,0.0,0.0,0.0,0.0,0.0,0.0,0.0,0.0,0.0,0.0,0.0,0.0,0.0,0.0,0.0,0.0,0.0,0.0,0.0,0.0,0.0,0.0,0.0,0.0,0.0,0.0,0.0,0.0,0.0,0.0,0.0,0.0,0.0,0.0,0.0,0.0,0.0,0.0,0.0,0.0,0.0,0.0,0.0,0.0,0.0,0.0,0.0,0.0,0.0,0.0,0.0,0.0,0.0,0.0
8,266,False,0.0,0.0,0.0,0.0,0.0,0.0,0.0,0.0,0.0,0.0,0.0,0.0,0.0,0.0,0.0,0.0,0.0,0.0,0.0,0.0,0.0,0.0,0.0,0.0,0.0,0.0,0.0,0.0,0.0,0.0,0.0,0.0,0.0,0.0,0.0,0.0,0.0,0.0,0.0,0.0,0.0,0.0,0.0,0.0,0.0,0.0,0.0,0.0,0.0,0.0,0.0,0.0,0.0,0.0,0.0,0.0,0.0,0.0,0.0,0.0,0.0,0.0,0.0,0.0,0.0
9,300,False,0.0,0.0,0.0,0.0,0.0,0.0,0.0,0.0,0.0,0.0,0.0,0.0,0.0,0.0,0.0,0.0,0.0,0.0,0.0,0.0,0.0,0.0,0.0,0.0,0.0,0.0,0.0,0.0,0.0,0.0,0.0,0.0,0.0,0.0,0.0,0.0,0.0,0.0,0.0,0.0,0.0,0.0,0.0,0.0,0.0,0.0,0.0,0.0,0.0,0.0,0.0,0.0,0.0,0.0,0.0,0.0,0.0,0.0,0.0,0.0,0.0,0.0,0.0,0.0,0.0
10,333,False,0.0,0.0,0.0,0.0,0.0,0.0,0.0,0.0,0.0,0.0,0.0,0.0,0.0,0.0,0.0,0.0,0.0,0.0,0.0,0.0,0.0,0.0,0.0,0.0,0.0,0.0,0.0,0.0,0.0,0.0,0.0,0.0,0.0,0.0,0.0,0.0,0.0,0.0,0.0,0.0,0.0,0.0,0.0,0.0,0.0,0.0,0.0,0.0,0.0,0.0,0.0,0.0,0.0,0.0,0.0,0.0,0.0,0.0,0.0,0.0,0.0,0.0,0.0,0.0,0.0
11,366,True,0.916,0.916,0.480332,0.723262,-0.0,0.500101,0.741428,-0.008935,0.511801,0.778025,-0.013296,0.518989,0.807576,-0.017166,0.526667,0.829446,-0.020821,0.480369,0.824088,-0.011593,0.498545,0.85525,-0.024293,0.518345,0.876796,-0.035334,0.53759,0.889709,-0.043261,0.473597,0.824397,-0.014777,0.494865,0.855939,-0.028284,0.520952,0.87125,-0.038231,0.545553,0.877402,-0.044272,0.469419,0.814409,-0.019067,0.490533,0.845693,-0.032705,0.514843,0.858891,-0.039248,0.537127,0.864534,-0.042269,0.468963,0.794643,-0.024121,0.485578,0.815046,-0.038239,0.504339,0.825424,-0.043581,0.522078,0.831054,-0.045317
12,400,True,0.9951,0.9951,0.461641,0.738568,-0.0,0.483715,0.71758,-0.037623,0.50568,0.726133,-0.057817,0.520884,0.754232,-0.070322,0.530596,0.780526,-0.081397,0.473424,0.783533,-0.059563,0.510181,0.816528,-0.082491,0.537862,0.826895,-0.096306,0.559823,0.831629,-0.10405,0.469849,0.81199,-0.047253,0.501633,0.850208,-0.065983,0.531724,0.865488,-0.074214,0.556519,0.872763,-0.079765,0.472629,0.827687,-0.03651,0.49934,0.864022,-0.054207,0.525678,0.877949,-0.061571,0.547993,0.885409,-0.065638,0.479474,0.833081,-0.027823,0.501071,0.858527,-0.04301,0.520389,0.872076,-0.049378,0.536681,0.880417,-0.052414
13,433,True,0.9964,0.9964,0.461413,0.742116,-0.0,0.487278,0.712843,-0.042869,0.51383,0.718917,-0.066076,0.533507,0.754241,-0.079655,0.550001,0.786267,-0.091192,0.486482,0.776838,-0.070646,0.52724,0.813062,-0.095184,0.556652,0.825168,-0.108515,0.578432,0.831579,-0.115804,0.480626,0.81232,-0.055194,0.50886,0.857865,-0.076893,0.538858,0.873905,-0.084896,0.563979,0.879277,-0.089753,0.481835,0.83179,-0.040911,0.505757,0.871003,-0.06006,0.531155,0.88702,-0.067054,0.553197,0.894549,-0.070636,0.487827,0.839867,-0.028835,0.506292,0.867716,-0.04423,0.523207,0.882298,-0.05046,0.538056,0.89191,-0.053435
14,466,True,0.9951,0.9951,0.470891,0.732233,0.0,0.497725,0.706252,-0.03782,0.523203,0.712383,-0.05978,0.541003,0.748766,-0.072644,0.558767,0.781107,-0.083222,0.491124,0.770592,-0.070153,0.526107,0.808835,-0.092645,0.555521,0.82294,-0.103306,0.57917,0.830134,-0.109127,0.482873,0.806331,-0.057697,0.502447,0.860983,-0.081163,0.535346,0.883188,-0.089903,0.564988,0.889318,-0.09479,0.483614,0.827166,-0.045489,0.502586,0.877087,-0.06623,0.531297,0.896904,-0.073604,0.55759,0.904015,-0.076799,0.490778,0.836083,-0.034819,0.505275,0.872639,-0.052588,0.523359,0.892476,-0.059939,0.542633,0.903826,-0.063064
15,500,True,0.9922,0.9922,0.46819,0.735903,0.0,0.495279,0.710443,-0.041172,0.520233,0.713555,-0.065959,0.537434,0.746987,-0.081598,0.556996,0.778181,-0.094679,0.491815,0.771464,-0.07152,0.526379,0.812267,-0.097025,0.554446,0.828891,-0.110465,0.577223,0.837683,-0.117672,0.483618,0.807983,-0.058457,0.503979,0.864366,-0.083134,0.535937,0.88574,-0.093012,0.564675,0.891041,-0.098584,0.48388,0.830382,-0.046328,0.502965,0.879989,-0.067596,0.52909,0.899351,-0.075951,0.553625,0.90668,-0.080036,0.490396,0.841948,-0.03621,0.504771,0.878362,-0.05295,0.521105,0.895366,-0.059919,0.538743,0.904782,-0.0633
16,533,True,0.9937,0.9937,0.469087,0.735609,0.0,0.495424,0.715596,-0.036586,0.520284,0.721513,-0.058343,0.536188,0.751097,-0.072424,0.552833,0.781307,-0.084025,0.494497,0.785681,-0.059926,0.523989,0.824677,-0.08198,0.551025,0.838021,-0.094538,0.571711,0.843614,-0.101379,0.483966,0.815488,-0.048948,0.499743,0.871635,-0.069598,0.526795,0.893555,-0.078106,0.551664,0.899983,-0.082789,0.483047,0.833477,-0.039299,0.501216,0.881186,-0.057046,0.525129,0.901027,-0.063288,0.547803,0.90873,-0.065954,0.488687,0.841519,-0.031662,0.503614,0.877056,-0.045975,0.520434,0.894457,-0.050944,0.53761,0.903658,-0.052714
17,566,False,0.0,0.0,0.0,0.0,0.0,0.0,0.0,0.0,0.0,0.0,0.0,0.0,0.0,0.0,0.0,0.0,0.0,0.0,0.0,0.0,0.0,0.0,0.0,0.0,0.0,0.0,0.0,0.0,0.0,0.0,0.0,0.0,0.0,0.0,0.0,0.0,0.0,0.0,0.0,0.0,0.0,0.0,0.0,0.0,0.0,0.0,0.0,0.0,0.0,0.0,0.0,0.0,0.0,0.0,0.0,0.0,0.0,0.0,0.0,0.0,0.0,0.0,0.0,0.0,0.0
18,600,True,0.9778,0.9778,0.487038,0.766015,-0.0,0.482727,0.805954,-0.00443,0.496391,0.854297,-0.009737,0.521411,0.882094,-0.015417,0.543237,0.893978,-0.021921,0.48819,0.876363,-0.010754,0.50894,0.907409,-0.025001,0.531512,0.922343,-0.036801,0.551829,0.92861,-0.043543,0.499429,0.863754,-0.014105,0.525327,0.892324,-0.023166,0.546715,0.904543,-0.028425,0.563409,0.907939,-0.03256,0.51406,0.844855,-0.018344,0.540425,0.871498,-0.026018,0.555998,0.880945,-0.025622,0.566991,0.882763,-0.025312,0.530736,0.820814,-0.022985,0.551147,0.843802,-0.028379,0.561183,0.851072,-0.026043,0.568738,0.85283,-0.023784
19,633,True,0.9838,0.9838,0.468452,0.768233,0.0,0.495833,0.753045,-0.04145,0.519112,0.774595,-0.062451,0.53087,0.812968,-0.075074,0.542257,0.848722,-0.085508,0.481675,0.846458,-0.057546,0.502409,0.904439,-0.081827,0.528503,0.930846,-0.09704,0.553976,0.939499,-0.104973,0.474922,0.864579,-0.042927,0.498083,0.915268,-0.064868,0.529059,0.936908,-0.075502,0.55513,0.943141,-0.081292,0.474775,0.873867,-0.030872,0.49576,0.920056,-0.050198,0.524615,0.938137,-0.058028,0.548406,0.943724,-0.061194,0.479623,0.875985,-0.0215,0.494223,0.91116,-0.038179,0.513962,0.929175,-0.04587,0.532106,0.937076,-0.048904
20,666,True,0.9967,0.9967,0.463891,0.76796,-0.0,0.49631,0.757449,-0.039663,0.517055,0.780863,-0.0597,0.526599,0.827362,-0.070134,0.539089,0.866733,-0.077577,0.475977,0.841298,-0.064026,0.502716,0.901071,-0.084837,0.531042,0.92175,-0.093932,0.55731,0.92855,-0.097519,0.465961,0.866174,-0.04833,0.489409,0.926966,-0.066667,0.520475,0.949931,-0.071777,0.548635,0.958009,-0.07401,0.466112,0.879421,-0.033747,0.490435,0.930266,-0.050599,0.517919,0.947688,-0.054514,0.543166,0.955141,-0.055544,0.472538,0.884095,-0.021273,0.493122,0.918358,-0.035232,0.513331,0.931205,-0.03945,0.533171,0.938298,-0.040553
21,700,True,0.9954,0.9954,0.4608,0.769637,-0.0,0.493252,0.75889,-0.040884,0.513437,0.78016,-0.062491,0.521356,0.824246,-0.075439,0.533349,0.864951,-0.085898,0.475461,0.842582,-0.062649,0.503845,0.903953,-0.087704,0.533499,0.927105,-0.102172,0.559176,0.937846,-0.109307,0.465823,0.866381,-0.048188,0.490062,0.926885,-0.068689,0.523602,0.947784,-0.076042,0.552362,0.952846,-0.079895,0.466155,0.878804,-0.03583,0.48785,0.929674,-0.053778,0.516776,0.947806,-0.059681,0.542374,0.955537,-0.062205,0.472215,0.88395,-0.02602,0.492072,0.920144,-0.040212,0.512801,0.934798,-0.045604,0.531882,0.942929,-0.0479
22,733,True,0.995,0.995,0.459669,0.778624,-0.0,0.494887,0.76244,-0.039648,0.515202,0.781323,-0.058758,0.523946,0.825579,-0.068727,0.537854,0.864572,-0.07608,0.48014,0.852405,-0.05891,0.515202,0.897957,-0.07789,0.54316,0.915568,-0.086761,0.566682,0.922628,-0.09082,0.470138,0.881505,-0.04385,0.502266,0.928143,-0.060322,0.533568,0.944481,-0.065266,0.559739,0.948346,-0.068168,0.469595,0.896638,-0.030534,0.497262,0.936935,-0.046922,0.5238,0.949336,-0.052536,0.547068,0.953683,-0.055264,0.475422,0.901948,-0.019488,0.496195,0.93054,-0.03316,0.514705,0.939137,-0.038566,0.532047,0.943495,-0.041097
23,766,True,0.9918,0.9918,0.45936,0.779815,-0.0,0.49301,0.760635,-0.037679,0.514389,0.777567,-0.057014,0.523293,0.820657,-0.068221,0.537781,0.85958,-0.076691,0.483799,0.839759,-0.057605,0.515776,0.889314,-0.079318,0.544669,0.90791,-0.089751,0.568638,0.912528,-0.094384,0.473902,0.872784,-0.044986,0.504358,0.925108,-0.063804,0.536852,0.941811,-0.069756,0.563154,0.941852,-0.073106,0.472054,0.892809,-0.034377,0.49847,0.939759,-0.051599,0.527625,0.952001,-0.057504,0.55276,0.952749,-0.060367,0.475975,0.903226,-0.02617,0.495195,0.9386,-0.040503,0.515303,0.949291,-0.046729,0.534264,0.952238,-0.049949
24,800,True,0.9943,0.9943,0.463126,0.78078,-0.0,0.494503,0.761648,-0.036531,0.514717,0.776479,-0.056373,0.52407,0.819923,-0.068466,0.5376,0.859648,-0.077538,0.481446,0.840952,-0.057244,0.515215,0.88823,-0.08,0.545602,0.906554,-0.090655,0.569965,0.910309,-0.095215,0.47242,0.875622,-0.045943,0.501787,0.928733,-0.067239,0.536012,0.94269,-0.073826,0.56329,0.93862,-0.076704,0.47193,0.896095,-0.036541,0.498229,0.945005,-0.05589,0.528775,0.957252,-0.062472,0.55511,0.956674,-0.064889,0.477719,0.905922,-0.029244,0.497514,0.944694,-0.044975,0.518755,0.958097,-0.051553,0.539361,0.962443,-0.05436
25,833,True,0.9913,0.9913,0.461984,0.783626,-0.0,0.494523,0.763019,-0.036116,0.516222,0.779035,-0.055651,0.525523,0.825135,-0.067311,0.539335,0.866271,-0.076429,0.483101,0.836309,-0.060089,0.514286,0.890126,-0.083961,0.542587,0.911421,-0.095581,0.566203,0.919487,-0.10073,0.473531,0.873163,-0.048726,0.503854,0.931154,-0.069358,0.537205,0.943159,-0.0746,0.562811,0.937678,-0.076579,0.472725,0.895251,-0.039088,0.500287,0.946328,-0.05841,0.530043,0.953269,-0.063676,0.553901,0.949187,-0.065068,0.47859,0.906611,-0.031424,0.499261,0.945259,-0.046426,0.520164,0.954208,-0.05157,0.538194,0.954282,-0.053391
26,866,True,0.9934,0.9934,0.465612,0.78482,-0.0,0.496651,0.765196,-0.039943,0.519608,0.783674,-0.059529,0.530599,0.831791,-0.070948,0.542828,0.876459,-0.079154,0.48685,0.845331,-0.056475,0.522437,0.899491,-0.076663,0.550397,0.916544,-0.085497,0.570549,0.920038,-0.089383,0.476331,0.878316,-0.042951,0.509617,0.933698,-0.060714,0.540463,0.943743,-0.065492,0.561924,0.938353,-0.067852,0.47386,0.896725,-0.031932,0.502656,0.948498,-0.048641,0.530676,0.954217,-0.052714,0.551915,0.950821,-0.054079,0.478158,0.906286,-0.023613,0.499088,0.945718,-0.03844,0.520854,0.954748,-0.044598,0.539201,0.955195,-0.047376
27,900,True,0.9945,0.9945,0.465988,0.785067,-0.0,0.498711,0.768703,-0.039285,0.522201,0.791093,-0.058681,0.532114,0.841467,-0.070066,0.543606,0.887669,-0.077876,0.488256,0.851419,-0.057099,0.521068,0.914978,-0.078125,0.550942,0.934983,-0.086961,0.572423,0.937019,-0.090202,0.475765,0.880893,-0.043703,0.507058,0.942611,-0.061316,0.539999,0.955599,-0.065245,0.562799,0.949192,-0.066848,0.472157,0.896625,-0.03282,0.49876,0.953866,-0.049201,0.528531,0.962674,-0.053079,0.551459,0.95864,-0.054193,0.475102,0.90446,-0.024567,0.494733,0.949304,-0.039118,0.51716,0.961534,-0.045158,0.536889,0.962286,-0.047775
28,933,True,0.994,0.994,0.46774,0.788415,-0.0,0.501601,0.772525,-0.042727,0.524273,0.795694,-0.063397,0.533637,0.847205,-0.074822,0.544388,0.893907,-0.082009,0.487698,0.856516,-0.062976,0.517627,0.922956,-0.082659,0.546566,0.941255,-0.088362,0.568969,0.94142,-0.089511,0.475953,0.885046,-0.04718,0.508254,0.947287,-0.064813,0.541363,0.959175,-0.067273,0.565306,0.952489,-0.067938,0.473377,0.901046,-0.033786,0.501438,0.958524,-0.050415,0.531081,0.965807,-0.053886,0.554953,0.96058,-0.054882,0.47686,0.909773,-0.023188,0.496097,0.954204,-0.038523,0.517828,0.963403,-0.045106,0.537924,0.961812,-0.048181
29,966,True,0.9942,0.9942,0.470564,0.792039,-0.0,0.503289,0.777297,-0.038936,0.524415,0.799797,-0.058101,0.533797,0.851305,-0.068525,0.545888,0.897159,-0.075176,0.48833,0.856004,-0.061688,0.518394,0.91902,-0.080566,0.546765,0.936644,-0.085689,0.569278,0.938732,-0.086736,0.476479,0.887734,-0.047375,0.508768,0.947367,-0.0639,0.541532,0.959896,-0.066241,0.566091,0.95472,-0.067558,0.474143,0.906806,-0.034862,0.501737,0.961329,-0.0503,0.530894,0.969918,-0.054451,0.555314,0.965392,-0.056575,0.477951,0.917374,-0.024785,0.497435,0.957824,-0.038742,0.517809,0.968682,-0.045641,0.536988,0.968755,-0.049613
30,1000,True,0.9932,0.9932,0.467859,0.796195,-0.0,0.501445,0.778202,-0.038861,0.522996,0.798706,-0.058603,0.531732,0.847792,-0.070106,0.544089,0.892176,-0.078154,0.487848,0.856973,-0.061458,0.517052,0.921783,-0.082859,0.545759,0.938659,-0.09073,0.56802,0.939196,-0.093234,0.476848,0.887762,-0.04774,0.510724,0.949135,-0.065706,0.544,0.960142,-0.069338,0.567889,0.952873,-0.071224,0.474906,0.906076,-0.036107,0.504404,0.961524,-0.052943,0.535043,0.968376,-0.05814,0.55949,0.962268,-0.060546,0.478798,0.916546,-0.02685,0.501122,0.958436,-0.041697,0.52408,0.967838,-0.04897,0.544179,0.96633,-0.05297
31,1033,True,0.9928,0.9928,0.467042,0.794464,-0.0,0.500407,0.77504,-0.039922,0.522136,0.794848,-0.060033,0.530697,0.843689,-0.071586,0.543226,0.88713,-0.079807,0.485911,0.856125,-0.061607,0.515255,0.916102,-0.083202,0.544185,0.932134,-0.09185,0.567052,0.933574,-0.095068,0.475948,0.888262,-0.047474,0.508017,0.945828,-0.065786,0.541385,0.956171,-0.070065,0.565945,0.948997,-0.072353,0.475097,0.907101,-0.035523,0.503107,0.959227,-0.053159,0.533888,0.965053,-0.059005,0.558841,0.959089,-0.061705,0.480273,0.917629,-0.025958,0.501933,0.95645,-0.041368,0.524441,0.963404,-0.048799,0.544552,0.961102,-0.052823
32,1066,True,0.9923,0.9923,0.464552,0.794248,-0.0,0.497728,0.77373,-0.03761,0.519688,0.790195,-0.0576,0.528814,0.835866,-0.07002,0.54171,0.879125,-0.079348,0.486574,0.852542,-0.059585,0.51565,0.907668,-0.080622,0.54204,0.921758,-0.08882,0.563132,0.921752,-0.091841,0.475237,0.884777,-0.047414,0.509536,0.940301,-0.065515,0.542561,0.950264,-0.070282,0.566719,0.943146,-0.07327,0.472761,0.904245,-0.03723,0.500379,0.958439,-0.05467,0.531373,0.965803,-0.060626,0.556795,0.960017,-0.063638,0.476625,0.91556,-0.029283,0.497296,0.958741,-0.044422,0.519287,0.967341,-0.051461,0.53947,0.964743,-0.055381
33,1100,True,0.9924,0.9924,0.46312,0.784887,-0.0,0.496814,0.767074,-0.035387,0.517588,0.786262,-0.054265,0.525889,0.833079,-0.065453,0.539077,0.874931,-0.073903,0.485292,0.847151,-0.059179,0.516582,0.902186,-0.07946,0.545368,0.918803,-0.087534,0.568523,0.922957,-0.090467,0.474337,0.879096,-0.047313,0.506893,0.937572,-0.065603,0.541443,0.948886,-0.069959,0.566719,0.942295,-0.071979,0.472212,0.898184,-0.036886,0.498372,0.954991,-0.053652,0.529216,0.963669,-0.058973,0.553896,0.958535,-0.061126,0.476536,0.908274,-0.028472,0.495554,0.952166,-0.042116,0.516481,0.963432,-0.048132,0.535136,0.963331,-0.051192
34,1133,True,0.991,0.991,0.462911,0.776922,-0.0,0.497813,0.764692,-0.034245,0.518268,0.787554,-0.051409,0.526492,0.835184,-0.061473,0.540051,0.877372,-0.068747,0.486017,0.849263,-0.050318,0.519246,0.901757,-0.070473,0.549087,0.921029,-0.081578,0.571686,0.927085,-0.086607,0.473461,0.878764,-0.03897,0.498534,0.94019,-0.056193,0.530776,0.956409,-0.062366,0.555688,0.953531,-0.065232,0.469891,0.89549,-0.029531,0.488044,0.953901,-0.044463,0.516229,0.969669,-0.050201,0.539586,0.969888,-0.052428,0.473156,0.903031,-0.022374,0.485156,0.949049,-0.03379,0.503619,0.96727,-0.03908,0.521314,0.972741,-0.041458
35,1166,True,0.9945,0.9945,0.461257,0.770535,-0.0,0.497637,0.751746,-0.039277,0.520252,0.77151,-0.06091,0.527612,0.821498,-0.073467,0.537596,0.864059,-0.083304,0.478242,0.825364,-0.069384,0.509,0.881959,-0.093841,0.536064,0.90597,-0.105147,0.557174,0.915215,-0.110109,0.465803,0.86291,-0.056306,0.490783,0.931655,-0.078539,0.523186,0.95607,-0.085312,0.548708,0.957516,-0.088472,0.46291,0.885861,-0.04436,0.483852,0.947305,-0.063674,0.512772,0.968611,-0.070587,0.536271,0.972336,-0.073528,0.467826,0.897353,-0.034546,0.480928,0.943192,-0.049934,0.499514,0.9639,-0.057064,0.517171,0.970922,-0.060581
36,1200,True,0.9894,0.9894,0.45643,0.763835,-0.0,0.496015,0.736193,-0.044946,0.523801,0.75237,-0.070741,0.533317,0.803243,-0.085762,0.542898,0.848684,-0.098487,0.475101,0.799101,-0.086736,0.501963,0.862913,-0.114084,0.526428,0.899815,-0.125261,0.547055,0.922921,-0.130717,0.458767,0.842536,-0.071905,0.485391,0.916643,-0.096001,0.514844,0.948737,-0.100766,0.538239,0.958932,-0.103287,0.452707,0.871644,-0.057976,0.476323,0.938891,-0.080397,0.504289,0.964115,-0.086252,0.527548,0.972617,-0.088504,0.456106,0.890186,-0.046272,0.471074,0.939448,-0.064975,0.490549,0.962391,-0.072767,0.508308,0.971957,-0.076667
37,1233,True,0.9917,0.9917,0.446532,0.733775,-0.0,0.489441,0.71196,-0.039883,0.520589,0.731529,-0.064307,0.531137,0.781646,-0.079328,0.534185,0.828365,-0.092674,0.468179,0.754187,-0.080754,0.48082,0.798775,-0.106186,0.499614,0.831221,-0.117699,0.518149,0.855396,-0.125099,0.446798,0.798475,-0.070198,0.459859,0.868255,-0.094142,0.486617,0.905784,-0.1017,0.511121,0.921246,-0.107921,0.437398,0.832258,-0.059993,0.450977,0.898987,-0.082547,0.475488,0.930031,-0.090235,0.498143,0.9443,-0.095206,0.43849,0.855676,-0.05152,0.452884,0.904576,-0.070593,0.469544,0.929288,-0.078858,0.486073,0.940679,-0.084444
38,1266,True,0.9848,0.9848,0.429953,0.700584,-0.0,0.460638,0.687253,-0.037681,0.492319,0.714803,-0.058192,0.512354,0.761278,-0.070053,0.525643,0.802034,-0.079697,0.454711,0.753485,-0.065081,0.481697,0.82103,-0.083876,0.504568,0.846627,-0.091053,0.518506,0.861727,-0.094725,0.439041,0.782045,-0.051421,0.474469,0.851746,-0.068026,0.501304,0.875699,-0.070876,0.517881,0.886523,-0.072336,0.431481,0.80474,-0.038825,0.465129,0.870353,-0.054457,0.488843,0.8866,-0.05442,0.503853,0.891557,-0.052905,0.431719,0.822395,-0.028333,0.456757,0.869787,-0.043167,0.474336,0.887062,-0.045758,0.485743,0.893797,-0.045296
39,1300,False,0.0,0.0,0.0,0.0,0.0,0.0,0.0,0.0,0.0,0.0,0.0,0.0,0.0,0.0,0.0,0.0,0.0,0.0,0.0,0.0,0.0,0.0,0.0,0.0,0.0,0.0,0.0,0.0,0.0,0.0,0.0,0.0,0.0,0.0,0.0,0.0,0.0,0.0,0.0,0.0,0.0,0.0,0.0,0.0,0.0,0.0,0.0,0.0,0.0,0.0,0.0,0.0,0.0,0.0,0.0,0.0,0.0,0.0,0.0,0.0,0.0,0.0,0.0,0.0,0.0
40,1333,False,0.0,0.0,0.0,0.0,0.0,0.0,0.0,0.0,0.0,0.0,0.0,0.0,0.0,0.0,0.0,0.0,0.0,0.0,0.0,0.0,0.0,0.0,0.0,0.0,0.0,0.0,0.0,0.0,0.0,0.0,0.0,0.0,0.0,0.0,0.0,0.0,0.0,0.0,0.0,0.0,0.0,0.0,0.0,0.0,0.0,0.0,0.0,0.0,0.0,0.0,0.0,0.0,0.0,0.0,0.0,0.0,0.0,0.0,0.0,0.0,0.0,0.0,0.0,0.0,0.0
41,1366,False,0.0,0.0,0.0,0.0,0.0,0.0,0.0,0.0,0.0,0.0,0.0,0.0,0.0,0.0,0.0,0.0,0.0,0.0,0.0,0.0,0.0,0.0,0.0,0.0,0.0,0.0,0.0,0.0,0.0,0.0,0.0,0.0,0.0,0.0,0.0,0.0,0.0,0.0,0.0,0.0,0.0,0.0,0.0,0.0,0.0,0.0,0.0,0.0,0.0,0.0,0.0,0.0,0.0,0.0,0.0,0.0,0.0,0.0,0.0,0.0,0.0,0.0,0.0,0.0,0.0
42,1400,True,0.5716,0.5716,0.555226,0.787258,0.0,0.564746,0.815668,-0.026311,0.558127,0.853528,-0.042452,0.540901,0.880725,-0.051319,0.528452,0.9004,-0.059752,0.549714,0.804807,-0.062886,0.538864,0.823762,-0.084654,0.527815,0.844176,-0.096474,0.518742,0.858962,-0.102996,0.537628,0.798752,-0.053798,0.519544,0.827495,-0.071924,0.506089,0.85683,-0.07627,0.496903,0.877511,-0.079669,0.526985,0.802489,-0.044659,0.510059,0.838985,-0.059657,0.499618,0.868173,-0.06266,0.494142,0.886449,-0.063795,0.520293,0.810917,-0.036574,0.509035,0.846766,-0.048049,0.501045,0.869803,-0.051779,0.495939,0.883203,-0.053991
43,1433,False,0.0,0.0,0.0,0.0,0.0,0.0,0.0,0.0,0.0,0.0,0.0,0.0,0.0,0.0,0.0,0.0,0.0,0.0,0.0,0.0,0.0,0.0,0.0,0.0,0.0,0.0,0.0,0.0,0.0,0.0,0.0,0.0,0.0,0.0,0.0,0.0,0.0,0.0,0.0,0.0,0.0,0.0,0.0,0.0,0.0,0.0,0.0,0.0,0.0,0.0,0.0,0.0,0.0,0.0,0.0,0.0,0.0,0.0,0.0,0.0,0.0,0.0,0.0,0.0,0.0
44,1466,True,0.9934,0.9934,0.57477,0.799813,0.0,0.543775,0.785183,-0.026584,0.515458,0.802126,-0.038693,0.496986,0.834786,-0.044516,0.485394,0.86445,-0.048616,0.554097,0.851093,-0.044701,0.533089,0.900769,-0.060462,0.504485,0.916891,-0.066347,0.481682,0.918386,-0.066872,0.564544,0.872827,-0.032868,0.534389,0.918002,-0.04554,0.501457,0.924312,-0.046591,0.478979,0.917022,-0.045027,0.566571,0.884752,-0.021819,0.534738,0.920339,-0.032001,0.505613,0.921248,-0.032703,0.486978,0.912573,-0.030791,0.564058,0.890662,-0.01241,0.537322,0.914405,-0.020832,0.512346,0.915411,-0.022632,0.495038,0.909641,-0.021521
45,1500,True,0.9979,0.9979,0.576081,0.790838,0.0,0.543369,0.779055,-0.035533,0.513539,0.796869,-0.053633,0.494674,0.830597,-0.062943,0.480495,0.865409,-0.069914,0.553534,0.855662,-0.055708,0.51905,0.904616,-0.072379,0.489427,0.915936,-0.078869,0.467056,0.916557,-0.080584,0.564237,0.875433,-0.039131,0.524266,0.917239,-0.054298,0.493146,0.920017,-0.057272,0.471841,0.914737,-0.057277,0.565425,0.887661,-0.023234,0.528532,0.91856,-0.035062,0.50197,0.918453,-0.035909,0.483246,0.911419,-0.034958,0.561684,0.893037,-0.009614,0.53124,0.912052,-0.019809,0.509461,0.911922,-0.022284,0.493956,0.906655,-0.021677
46,1533,True,0.9988,0.9988,0.571846,0.795854,1e-06,0.538258,0.780606,-0.041922,0.507854,0.796405,-0.063837,0.488912,0.831808,-0.074875,0.471851,0.867849,-0.083406,0.550905,0.853084,-0.07166,0.514957,0.904983,-0.090869,0.484766,0.9167,-0.096312,0.4621,0.916818,-0.096857,0.5629,0.877205,-0.051788,0.518579,0.921347,-0.069231,0.487183,0.921754,-0.070603,0.467173,0.912715,-0.069322,0.563707,0.892052,-0.032281,0.523083,0.924426,-0.046457,0.49635,0.920244,-0.046711,0.478915,0.909263,-0.045144,0.55968,0.899657,-0.015204,0.526661,0.916968,-0.027751,0.504748,0.913084,-0.031097,0.489613,0.904951,-0.03094
47,1566,True,0.9986,0.9986,0.577187,0.793644,0.0,0.540637,0.779879,-0.038578,0.507671,0.796636,-0.059936,0.486223,0.832863,-0.071477,0.469086,0.869331,-0.080917,0.548393,0.852529,-0.067413,0.51088,0.906139,-0.085724,0.48319,0.919271,-0.091781,0.462217,0.92124,-0.09325,0.563477,0.877687,-0.049865,0.519079,0.92618,-0.066924,0.487992,0.924479,-0.069029,0.46788,0.912895,-0.068255,0.566814,0.894013,-0.032417,0.526079,0.930929,-0.044355,0.499256,0.927199,-0.043928,0.481798,0.916487,-0.042411,0.564928,0.903407,-0.017421,0.534212,0.92762,-0.027349,0.512548,0.927869,-0.029779,0.49709,0.92211,-0.029517
48,1600,True,0.9991,0.9991,0.576452,0.796836,1e-06,0.540182,0.779994,-0.043129,0.508236,0.79483,-0.06684,0.486531,0.832273,-0.079629,0.467954,0.870153,-0.08985,0.549009,0.856593,-0.075956,0.51007,0.911119,-0.096922,0.479765,0.921533,-0.102533,0.457755,0.91923,-0.103005,0.564253,0.883581,-0.056591,0.517957,0.931688,-0.076732,0.484946,0.928479,-0.078561,0.463653,0.914977,-0.077182,0.567186,0.899879,-0.03754,0.525213,0.936456,-0.052976,0.496803,0.930323,-0.05306,0.47802,0.917651,-0.051262,0.564805,0.907742,-0.021024,0.532191,0.93073,-0.033652,0.509618,0.928432,-0.036736,0.49374,0.920503,-0.036501
49,1633,True,0.9987,0.9987,0.580695,0.792063,0.0,0.543813,0.778941,-0.038031,0.510638,0.795263,-0.058983,0.487883,0.831753,-0.070487,0.469724,0.868944,-0.079582,0.55048,0.852981,-0.066472,0.510617,0.909971,-0.084753,0.481156,0.919328,-0.089357,0.460347,0.916291,-0.08934,0.566099,0.878353,-0.049478,0.519108,0.928736,-0.066981,0.487367,0.927216,-0.068566,0.467043,0.915894,-0.067194,0.569411,0.894677,-0.032727,0.527638,0.934423,-0.045648,0.500145,0.929915,-0.045438,0.481276,0.918772,-0.043794,0.567041,0.903594,-0.018308,0.534559,0.928394,-0.029551,0.511647,0.926243,-0.032346,0.49482,0.918464,-0.031978
50,1666,True,0.9981,0.9981,0.58154,0.790575,0.0,0.545434,0.777672,-0.037579,0.513481,0.795403,-0.057609,0.490595,0.83236,-0.068662,0.471434,0.869269,-0.077348,0.551956,0.853758,-0.061843,0.512508,0.908056,-0.079233,0.483083,0.917002,-0.084193,0.461914,0.913764,-0.084665,0.56662,0.877797,-0.045161,0.520293,0.924447,-0.061248,0.488748,0.924363,-0.063404,0.467665,0.914636,-0.062862,0.570095,0.892618,-0.029067,0.528954,0.929414,-0.041222,0.501084,0.926624,-0.042035,0.481202,0.916985,-0.041425,0.567928,0.900785,-0.015355,0.535381,0.924432,-0.026162,0.512163,0.923152,-0.029317,0.495095,0.916124,-0.029427
51,1700,True,0.9971,0.9971,0.580982,0.791557,0.0,0.546553,0.778401,-0.03784,0.515461,0.795208,-0.057938,0.493687,0.829873,-0.06899,0.474937,0.865052,-0.077667,0.552573,0.854553,-0.062538,0.514917,0.907201,-0.080622,0.485365,0.916162,-0.08634,0.463709,0.913739,-0.087286,0.566688,0.877831,-0.045628,0.522721,0.923798,-0.062405,0.491566,0.923278,-0.06488,0.470936,0.913339,-0.064479,0.569704,0.891524,-0.029269,0.530116,0.927481,-0.04221,0.502871,0.924087,-0.042907,0.484092,0.913552,-0.041904,0.567409,0.898223,-0.015302,0.535449,0.921917,-0.02655,0.512678,0.919742,-0.029492,0.496588,0.911692,-0.029279
52,1733,True,0.9978,0.9978,0.583142,0.790404,0.0,0.548326,0.776977,-0.038189,0.516774,0.792783,-0.058422,0.495479,0.826668,-0.069269,0.478587,0.862268,-0.077623,0.553702,0.853387,-0.064137,0.517108,0.906461,-0.082212,0.487658,0.914187,-0.087478,0.465917,0.910599,-0.08795,0.567854,0.87624,-0.046588,0.523784,0.922293,-0.063636,0.492656,0.919536,-0.065535,0.472524,0.908032,-0.064457,0.570993,0.889902,-0.029459,0.531106,0.924662,-0.042769,0.504587,0.919003,-0.042756,0.487263,0.906723,-0.040877,0.569006,0.896472,-0.014685,0.536971,0.919197,-0.025823,0.515214,0.915183,-0.028126,0.500871,0.905445,-0.02725
53,1766,True,0.9986,0.9986,0.58423,0.791987,1e-06,0.549491,0.776185,-0.04102,0.517786,0.790354,-0.062986,0.495689,0.824525,-0.074651,0.47823,0.860601,-0.083904,0.556669,0.852183,-0.070006,0.518312,0.904655,-0.089646,0.488343,0.91499,-0.0958,0.465917,0.914604,-0.096838,0.569689,0.876649,-0.051173,0.523181,0.92271,-0.070507,0.489832,0.921138,-0.0731,0.467622,0.909923,-0.072073,0.571406,0.891263,-0.03269,0.528779,0.925127,-0.047756,0.500276,0.919298,-0.048369,0.481068,0.906581,-0.046558,0.568445,0.898027,-0.016659,0.534792,0.91807,-0.029158,0.511757,0.913836,-0.032319,0.495405,0.904218,-0.031826
54,1800,True,0.999,0.999,0.584944,0.791716,0.0,0.549519,0.775971,-0.040198,0.517414,0.791215,-0.061387,0.494743,0.826362,-0.072547,0.477013,0.86337,-0.081247,0.556428,0.853147,-0.067724,0.51708,0.905932,-0.086521,0.487067,0.915846,-0.092097,0.464808,0.914319,-0.092868,0.570133,0.878395,-0.049253,0.523041,0.923289,-0.066914,0.490487,0.922355,-0.069098,0.468551,0.911448,-0.068337,0.572389,0.89349,-0.0312,0.529517,0.927171,-0.04491,0.501654,0.922375,-0.045404,0.482581,0.910549,-0.044103,0.569634,0.900913,-0.015619,0.535281,0.921373,-0.027601,0.512593,0.917754,-0.03081,0.496523,0.908759,-0.030612
55,1833,True,0.9981,0.9981,0.583475,0.790385,0.0,0.5483,0.77575,-0.038887,0.516097,0.791769,-0.059419,0.493185,0.82681,-0.070338,0.477287,0.863943,-0.078934,0.554057,0.852347,-0.066428,0.515276,0.905546,-0.084888,0.486145,0.914421,-0.090577,0.464909,0.911584,-0.09151,0.568411,0.877071,-0.048775,0.522513,0.922753,-0.064882,0.491973,0.92229,-0.066579,0.471671,0.912258,-0.066115,0.571971,0.891862,-0.031555,0.531018,0.927072,-0.043834,0.50444,0.923154,-0.043911,0.486051,0.912711,-0.042945,0.570494,0.899464,-0.016763,0.537529,0.92261,-0.027581,0.515884,0.919247,-0.030069,0.500771,0.910116,-0.02982
56,1866,True,0.9986,0.9986,0.582117,0.792346,0.0,0.546924,0.775546,-0.039635,0.514428,0.789492,-0.061415,0.49217,0.825262,-0.073363,0.474635,0.862116,-0.082952,0.554392,0.85043,-0.07018,0.514199,0.90516,-0.090095,0.483948,0.914069,-0.095981,0.462253,0.91147,-0.096961,0.568413,0.877987,-0.052714,0.519568,0.924695,-0.070171,0.487736,0.920904,-0.071727,0.468165,0.908048,-0.07099,0.571049,0.894379,-0.035541,0.526895,0.929295,-0.04918,0.499462,0.921914,-0.048876,0.482054,0.908653,-0.047447,0.568743,0.902674,-0.020778,0.533575,0.923164,-0.033047,0.511275,0.91717,-0.035844,0.496772,0.906328,-0.035572
57,1900,True,0.999,0.999,0.584521,0.789073,0.0,0.548422,0.774349,-0.038275,0.513365,0.79226,-0.058629,0.489543,0.829306,-0.069583,0.471253,0.865754,-0.078433,0.551887,0.849976,-0.066873,0.511897,0.90271,-0.084853,0.483268,0.912626,-0.089946,0.462177,0.910905,-0.090676,0.566692,0.876251,-0.049676,0.520073,0.921101,-0.065286,0.489567,0.923096,-0.066573,0.468702,0.915107,-0.066109,0.570344,0.892365,-0.032767,0.527666,0.927231,-0.044564,0.501197,0.924473,-0.044595,0.482017,0.91495,-0.043957,0.568863,0.900432,-0.018251,0.533539,0.921968,-0.029131,0.510453,0.920113,-0.032118,0.493688,0.912642,-0.032365
58,1933,True,0.9985,0.9985,0.579994,0.790042,0.0,0.544491,0.774215,-0.039363,0.511039,0.790866,-0.060797,0.487826,0.829286,-0.072342,0.469175,0.866635,-0.081696,0.550553,0.850979,-0.071075,0.510884,0.904536,-0.091663,0.480521,0.914487,-0.098096,0.457852,0.912557,-0.099199,0.564875,0.877951,-0.053514,0.517039,0.924211,-0.071351,0.485156,0.923652,-0.072714,0.463956,0.912974,-0.071715,0.567803,0.894043,-0.036222,0.524946,0.928785,-0.049519,0.497618,0.924094,-0.049202,0.478936,0.912338,-0.047693,0.565342,0.901892,-0.021364,0.5313,0.923485,-0.032537,0.508575,0.920503,-0.03497,0.492623,0.911922,-0.034519
59,1966,True,0.9988,0.9988,0.577435,0.792104,0.0,0.541521,0.775905,-0.039815,0.50904,0.790854,-0.062016,0.487011,0.827499,-0.074382,0.467561,0.863677,-0.084466,0.550122,0.851437,-0.070506,0.509062,0.905519,-0.089733,0.479287,0.914365,-0.095207,0.457757,0.912599,-0.096154,0.564427,0.879283,-0.052985,0.515327,0.925621,-0.069504,0.484684,0.921075,-0.070472,0.466055,0.908258,-0.069616,0.56697,0.896032,-0.035699,0.522977,0.930865,-0.048325,0.496693,0.923068,-0.04746,0.479856,0.909424,-0.04606,0.564413,0.904735,-0.020933,0.529811,0.925218,-0.032934,0.507559,0.919595,-0.035818,0.492824,0.909193,-0.035764
60,2000,True,0.9989,0.9989,0.58119,0.792315,0.0,0.544597,0.777236,-0.038805,0.509282,0.793238,-0.06043,0.485015,0.83096,-0.0725,0.465234,0.867866,-0.082489,0.547262,0.851637,-0.068868,0.506887,0.904294,-0.087885,0.477856,0.915543,-0.093454,0.456202,0.914943,-0.094493,0.562442,0.878354,-0.051887,0.515104,0.924336,-0.068428,0.484327,0.927446,-0.069774,0.462663,0.920237,-0.069313,0.566286,0.894825,-0.035239,0.52414,0.930866,-0.048095,0.496445,0.930389,-0.04875,0.475539,0.922387,-0.048448,0.565019,0.903233,-0.02091,0.530897,0.926712,-0.032635,0.507073,0.926716,-0.036155,0.488867,0.920593,-0.036776
61,2033,True,0.9979,0.9979,0.579,0.792908,0.0,0.543944,0.776058,-0.037967,0.509023,0.792629,-0.058404,0.484191,0.830734,-0.069238,0.466247,0.868042,-0.077874,0.546339,0.849829,-0.068495,0.507399,0.905862,-0.087473,0.478141,0.91583,-0.092755,0.456612,0.913419,-0.093183,0.561324,0.875845,-0.051472,0.515471,0.924469,-0.067367,0.485213,0.925301,-0.068153,0.464629,0.915999,-0.067162,0.565509,0.891701,-0.034719,0.524508,0.929006,-0.046345,0.497506,0.925702,-0.046196,0.478726,0.914767,-0.045238,0.564377,0.899745,-0.020324,0.531912,0.92468,-0.030798,0.509183,0.922859,-0.033522,0.49322,0.914673,-0.033527
62,2066,True,0.9988,0.9988,0.577996,0.796431,0.0,0.542961,0.777408,-0.038982,0.509192,0.79104,-0.060407,0.485101,0.828053,-0.071992,0.466891,0.865172,-0.081194,0.546792,0.849176,-0.070117,0.506484,0.904264,-0.089367,0.476886,0.913944,-0.094383,0.455404,0.912413,-0.094745,0.561152,0.877675,-0.05295,0.513535,0.924415,-0.069558,0.482448,0.921584,-0.07016,0.462885,0.909503,-0.068934,0.56467,0.894906,-0.036038,0.521323,0.93038,-0.048933,0.49387,0.922988,-0.048436,0.476503,0.909084,-0.047014,0.563057,0.903866,-0.021511,0.528956,0.926276,-0.033549,0.506161,0.921406,-0.036629,0.491297,0.911233,-0.036656
63,2100,True,0.9987,0.9987,0.577034,0.795887,0.0,0.542499,0.778622,-0.038598,0.510097,0.792397,-0.059762,0.486312,0.827925,-0.071437,0.467883,0.864057,-0.080732,0.547204,0.851949,-0.067703,0.506848,0.906577,-0.086893,0.47767,0.914732,-0.092385,0.456908,0.910436,-0.092905,0.561135,0.878737,-0.050554,0.513897,0.924935,-0.067304,0.483119,0.92292,-0.068883,0.463388,0.910684,-0.06817,0.56415,0.894695,-0.033767,0.521296,0.929457,-0.046721,0.493963,0.923313,-0.04721,0.475912,0.909929,-0.046348,0.562184,0.90281,-0.019317,0.528345,0.925049,-0.03121,0.505238,0.920755,-0.034676,0.489352,0.910536,-0.034929
64,2133,True,0.999,0.999,0.579412,0.796382,0.0,0.543954,0.778701,-0.037568,0.510203,0.792061,-0.058043,0.487126,0.827806,-0.069284,0.469387,0.863802,-0.078046,0.548963,0.851707,-0.06523,0.509467,0.905975,-0.084129,0.48033,0.916057,-0.089464,0.459581,0.913665,-0.089996,0.563307,0.880059,-0.04887,0.515562,0.926582,-0.065301,0.484789,0.924302,-0.06682,0.465729,0.911771,-0.065998,0.566673,0.89691,-0.032922,0.523007,0.931457,-0.045716,0.496187,0.924627,-0.045862,0.479666,0.911105,-0.04477,0.565034,0.90514,-0.019303,0.529853,0.925323,-0.03126,0.507488,0.920066,-0.034595,0.493032,0.909862,-0.034678
65,2166,True,0.9973,0.9973,0.579705,0.793434,0.0,0.544934,0.777966,-0.036299,0.511874,0.793242,-0.055823,0.488405,0.828593,-0.066533,0.470986,0.864823,-0.074754,0.55008,0.853259,-0.061861,0.510933,0.906352,-0.07936,0.482056,0.915324,-0.083903,0.461436,0.91216,-0.083972,0.564255,0.879721,-0.045788,0.51754,0.925326,-0.060513,0.488059,0.921514,-0.061097,0.470078,0.908866,-0.059706,0.567681,0.895294,-0.030201,0.525207,0.929435,-0.041674,0.499559,0.921528,-0.04101,0.484057,0.907706,-0.039455,0.566102,0.902598,-0.016927,0.53213,0.923129,-0.027963,0.510354,0.917132,-0.030625,0.49675,0.906443,-0.030251
66,2200,True,0.9988,0.9988,0.581984,0.794198,0.0,0.546943,0.778127,-0.03634,0.51328,0.79323,-0.055671,0.489654,0.829087,-0.066199,0.473936,0.866999,-0.074298,0.551782,0.852894,-0.061687,0.511344,0.907711,-0.079581,0.482003,0.917908,-0.08457,0.46122,0.915651,-0.084873,0.566285,0.878279,-0.045747,0.519688,0.924716,-0.062022,0.488135,0.926647,-0.063754,0.467009,0.91755,-0.062964,0.570093,0.893902,-0.030338,0.527311,0.92941,-0.042938,0.49998,0.926498,-0.043254,0.481516,0.915915,-0.04214,0.568645,0.902512,-0.017212,0.533524,0.924823,-0.028567,0.510569,0.922657,-0.031525,0.49461,0.914348,-0.031288
67,2233,True,0.999,0.999,0.583252,0.792921,0.0,0.548794,0.778025,-0.035738,0.515993,0.793527,-0.054606,0.492663,0.827219,-0.064877,0.476568,0.863732,-0.072765,0.552424,0.852607,-0.059601,0.513965,0.907218,-0.076987,0.485243,0.917207,-0.082199,0.464604,0.913778,-0.082708,0.566223,0.876242,-0.043582,0.522232,0.922523,-0.059639,0.49055,0.92534,-0.061925,0.46868,0.915871,-0.061454,0.56962,0.890697,-0.028131,0.529271,0.926775,-0.040347,0.501614,0.925199,-0.041134,0.482112,0.915125,-0.040305,0.567989,0.898538,-0.014921,0.534939,0.92164,-0.025587,0.511682,0.920711,-0.028495,0.494966,0.912566,-0.028323
68,2266,True,0.9986,0.9986,0.581013,0.794175,0.0,0.547586,0.778589,-0.037573,0.515619,0.792563,-0.057963,0.493244,0.826195,-0.069073,0.47819,0.862699,-0.077887,0.553926,0.853118,-0.065638,0.515328,0.906309,-0.084781,0.485997,0.916834,-0.090854,0.464048,0.915672,-0.091888,0.567436,0.877688,-0.049143,0.522504,0.92311,-0.06781,0.489441,0.923894,-0.070599,0.46696,0.912697,-0.070086,0.570529,0.892942,-0.032999,0.529117,0.92751,-0.04721,0.500387,0.923675,-0.048036,0.480748,0.911714,-0.0468,0.56853,0.901358,-0.019149,0.535475,0.922905,-0.030922,0.512572,0.920414,-0.033899,0.496514,0.911587,-0.033555
69,2300,True,0.9988,0.9988,0.584731,0.793001,0.0,0.550684,0.77838,-0.037051,0.517807,0.79311,-0.056626,0.494755,0.82751,-0.067368,0.478789,0.864571,-0.075823,0.555404,0.856664,-0.060549,0.516636,0.909838,-0.078829,0.4873,0.918909,-0.085378,0.465544,0.91614,-0.086995,0.568594,0.880132,-0.044288,0.5245,0.925225,-0.061386,0.492422,0.92768,-0.064911,0.469429,0.918744,-0.065384,0.571355,0.894052,-0.028692,0.530943,0.92856,-0.041896,0.5024,0.927858,-0.043838,0.481332,0.918881,-0.043816,0.569217,0.901182,-0.015428,0.536235,0.92291,-0.027029,0.51262,0.922756,-0.030825,0.494634,0.9162,-0.031231
70,2333,True,0.9993,0.9993,0.583767,0.7931,1e-06,0.548489,0.777108,-0.041131,0.516603,0.792029,-0.06296,0.493932,0.827775,-0.07453,0.477142,0.86574,-0.083391,0.556951,0.856475,-0.069154,0.515929,0.909985,-0.088136,0.485317,0.917991,-0.093388,0.46319,0.913737,-0.09384,0.571123,0.881662,-0.050571,0.523779,0.926966,-0.068966,0.490324,0.926108,-0.071179,0.467629,0.914797,-0.070354,0.573725,0.896811,-0.032495,0.530365,0.931916,-0.046615,0.500794,0.927848,-0.047348,0.480192,0.916232,-0.046276,0.57094,0.904399,-0.016939,0.53677,0.926548,-0.029244,0.513278,0.924351,-0.032724,0.49606,0.916308,-0.032733
71,2366,True,0.9987,0.9987,0.58438,0.793303,0.0,0.549186,0.778212,-0.040081,0.517497,0.793194,-0.062056,0.494487,0.827372,-0.074104,0.476737,0.863884,-0.083657,0.557307,0.85543,-0.068947,0.517141,0.908247,-0.087566,0.487484,0.916988,-0.092799,0.465737,0.91412,-0.093566,0.571656,0.881809,-0.051256,0.52483,0.928382,-0.068973,0.492205,0.925859,-0.071123,0.470474,0.913426,-0.070575,0.574087,0.897809,-0.033894,0.53191,0.934679,-0.047316,0.503471,0.929779,-0.047615,0.48335,0.918052,-0.046711,0.571223,0.905655,-0.019019,0.53813,0.927082,-0.031219,0.515158,0.923884,-0.034603,0.498129,0.915506,-0.034812
72,2400,True,0.9986,0.9986,0.584232,0.793851,0.0,0.547719,0.779124,-0.040808,0.516301,0.794073,-0.062749,0.49344,0.829605,-0.074603,0.474233,0.865996,-0.083979,0.555864,0.857816,-0.067876,0.514799,0.909242,-0.085232,0.48553,0.916835,-0.089801,0.465056,0.914761,-0.090333,0.571173,0.885067,-0.04958,0.522782,0.931973,-0.065552,0.491871,0.923277,-0.06683,0.473914,0.906415,-0.065734,0.574435,0.900059,-0.031661,0.5319,0.935713,-0.044116,0.505664,0.926082,-0.043785,0.489492,0.910818,-0.042354,0.572193,0.906527,-0.016254,0.539768,0.929725,-0.027887,0.518269,0.92402,-0.030815,0.504019,0.913226,-0.030705
73,2433,True,0.9988,0.9988,0.580454,0.795842,0.0,0.544172,0.780765,-0.040991,0.512957,0.794278,-0.063271,0.491436,0.829194,-0.07527,0.474185,0.865509,-0.084752,0.555861,0.858753,-0.069785,0.514855,0.909781,-0.08725,0.485309,0.917479,-0.091964,0.464125,0.916749,-0.092846,0.571275,0.887074,-0.0514,0.522468,0.93162,-0.066748,0.491842,0.92198,-0.067483,0.474244,0.905902,-0.06655,0.574089,0.90336,-0.033249,0.530634,0.936743,-0.045311,0.504896,0.925304,-0.044194,0.489525,0.90935,-0.042667,0.57144,0.911105,-0.017694,0.538044,0.930748,-0.029766,0.517321,0.922485,-0.032624,0.504339,0.910292,-0.032529
74,2466,True,0.9978,0.9978,0.582514,0.792676,0.0,0.546149,0.779843,-0.040017,0.514268,0.794414,-0.062196,0.491435,0.829561,-0.074356,0.473205,0.866486,-0.084148,0.55591,0.857534,-0.069727,0.514424,0.909837,-0.087419,0.484008,0.91817,-0.091836,0.461881,0.917011,-0.092337,0.570684,0.884934,-0.051936,0.521547,0.931762,-0.068292,0.489704,0.924917,-0.069361,0.47081,0.910121,-0.068207,0.573453,0.9007,-0.034245,0.530079,0.935877,-0.047276,0.50277,0.926884,-0.046836,0.485549,0.912264,-0.045296,0.570792,0.907775,-0.018949,0.537566,0.92839,-0.031239,0.515357,0.922076,-0.034192,0.500543,0.911108,-0.033921
75,2500,True,0.9986,0.9986,0.581237,0.794261,0.0,0.544407,0.780463,-0.039659,0.513004,0.795725,-0.061403,0.490507,0.830905,-0.073232,0.472856,0.867632,-0.082622,0.554492,0.855618,-0.06857,0.514669,0.909737,-0.086378,0.485119,0.919041,-0.091059,0.463888,0.917152,-0.091514,0.569881,0.882953,-0.050748,0.521756,0.931766,-0.066855,0.490606,0.924655,-0.067958,0.472435,0.908155,-0.06673,0.572914,0.899189,-0.0331,0.529659,0.936356,-0.045531,0.503136,0.926812,-0.045043,0.48707,0.91109,-0.043508,0.570319,0.90719,-0.017862,0.536886,0.92878,-0.02968,0.515374,0.922298,-0.032771,0.501456,0.910804,-0.032705
76,2533,True,0.9985,0.9985,0.581113,0.793316,0.0,0.544793,0.780349,-0.038702,0.513114,0.795643,-0.060132,0.490187,0.830359,-0.07194,0.472397,0.866533,-0.081408,0.554701,0.855505,-0.067256,0.514561,0.90888,-0.084536,0.48518,0.918874,-0.088924,0.464141,0.917482,-0.089254,0.569886,0.882274,-0.049964,0.521556,0.930784,-0.065866,0.49015,0.925535,-0.067204,0.471368,0.910065,-0.066156,0.572791,0.898191,-0.032749,0.529453,0.936043,-0.044823,0.502995,0.927819,-0.044453,0.486511,0.912643,-0.04312,0.570084,0.905632,-0.017881,0.536354,0.927104,-0.02942,0.514515,0.921737,-0.032514,0.499993,0.911024,-0.03249
77,2566,True,0.9985,0.9985,0.582353,0.794621,0.0,0.545511,0.781221,-0.038949,0.513312,0.796079,-0.060687,0.490555,0.830925,-0.072844,0.472327,0.867009,-0.082728,0.554917,0.855712,-0.066883,0.514709,0.9083,-0.084971,0.485192,0.918815,-0.090291,0.463949,0.918336,-0.091287,0.570683,0.883113,-0.049826,0.522218,0.93182,-0.06625,0.490994,0.925689,-0.068029,0.472552,0.910122,-0.067283,0.574073,0.899328,-0.033004,0.530401,0.936888,-0.045647,0.50398,0.928371,-0.045454,0.487602,0.913798,-0.04416,0.571743,0.907238,-0.018563,0.537814,0.929378,-0.030421,0.515896,0.924168,-0.033601,0.501426,0.914123,-0.033664
78,2600,True,0.9984,0.9984,0.582028,0.794911,0.0,0.544617,0.780948,-0.04079,0.512615,0.79529,-0.06355,0.489376,0.830761,-0.076122,0.471838,0.867576,-0.086299,0.554855,0.855376,-0.072183,0.514611,0.908929,-0.090824,0.484939,0.918525,-0.095559,0.463381,0.917017,-0.096001,0.570721,0.883577,-0.05402,0.521672,0.931993,-0.070663,0.490765,0.924504,-0.071569,0.472715,0.90774,-0.070229,0.573902,0.900305,-0.035901,0.528801,0.935209,-0.04865,0.502878,0.924857,-0.047862,0.487339,0.908619,-0.046224,0.571417,0.908084,-0.020298,0.536061,0.926948,-0.032553,0.514561,0.919315,-0.035754,0.500985,0.907266,-0.035734
79,2633,True,0.9987,0.9987,0.58243,0.795073,0.0,0.546069,0.781271,-0.039422,0.513937,0.796155,-0.060846,0.491024,0.831017,-0.072585,0.472533,0.866999,-0.081975,0.555358,0.857439,-0.066613,0.515149,0.909475,-0.084511,0.485553,0.918948,-0.089858,0.463892,0.917905,-0.090986,0.570431,0.885068,-0.049143,0.522521,0.930545,-0.064967,0.491073,0.924325,-0.066729,0.471995,0.908566,-0.066243,0.573449,0.901022,-0.032012,0.530027,0.935199,-0.044614,0.503468,0.92642,-0.044903,0.486749,0.911577,-0.044053,0.570789,0.908475,-0.017308,0.536902,0.927531,-0.02972,0.515054,0.921205,-0.033489,0.500522,0.910564,-0.03391
80,2666,True,0.9986,0.9986,0.580468,0.795479,0.0,0.544728,0.781461,-0.040071,0.51375,0.796356,-0.062324,0.491322,0.830738,-0.074852,0.473581,0.867069,-0.085002,0.556376,0.855444,-0.068469,0.5164,0.908963,-0.087647,0.487041,0.919408,-0.093757,0.465833,0.917761,-0.095057,0.571333,0.882466,-0.050999,0.524515,0.930238,-0.068847,0.492076,0.925852,-0.071497,0.471837,0.910468,-0.071139,0.573827,0.899298,-0.033894,0.531971,0.936406,-0.047492,0.50435,0.929669,-0.048038,0.486338,0.915791,-0.047092,0.570491,0.90855,-0.019272,0.538422,0.930523,-0.031667,0.516321,0.926599,-0.035241,0.5009,0.917294,-0.035512
81,2700,True,0.9987,0.9987,0.582322,0.796154,0.0,0.546611,0.783035,-0.038315,0.515462,0.798033,-0.059614,0.492457,0.831069,-0.071534,0.474438,0.866712,-0.081076,0.555773,0.856167,-0.066495,0.516442,0.91063,-0.084598,0.487265,0.920002,-0.089541,0.466245,0.916075,-0.089877,0.57057,0.882881,-0.049535,0.524088,0.931303,-0.066584,0.491986,0.92799,-0.06878,0.472123,0.912743,-0.068062,0.573311,0.899386,-0.032791,0.53192,0.937509,-0.045968,0.504239,0.931137,-0.04662,0.485966,0.917174,-0.04566,0.570362,0.908013,-0.018295,0.538322,0.931266,-0.030184,0.516164,0.926961,-0.033434,0.500606,0.916739,-0.033425
82,2733,True,0.9983,0.9983,0.582958,0.794107,0.0,0.547062,0.780608,-0.038464,0.515033,0.795972,-0.059642,0.492307,0.830573,-0.071295,0.474303,0.866654,-0.080552,0.555784,0.855462,-0.066438,0.516491,0.909094,-0.084351,0.4872,0.918728,-0.089079,0.466025,0.916048,-0.089278,0.570517,0.882053,-0.049281,0.523526,0.930682,-0.066073,0.491727,0.927076,-0.067814,0.471898,0.912709,-0.066591,0.57316,0.898567,-0.03233,0.530347,0.935588,-0.04526,0.503087,0.927862,-0.045502,0.485495,0.913361,-0.044062,0.570368,0.906788,-0.017667,0.537142,0.928234,-0.029342,0.514851,0.92325,-0.032459,0.49953,0.912922,-0.032174
83,2766,True,0.9986,0.9986,0.582382,0.79461,0.0,0.5476,0.780699,-0.038768,0.516046,0.79671,-0.05972,0.493327,0.831248,-0.070992,0.475921,0.867523,-0.079766,0.556223,0.855243,-0.066394,0.518049,0.90951,-0.084515,0.48838,0.919084,-0.089503,0.466802,0.916543,-0.089891,0.570195,0.881855,-0.049025,0.524945,0.931161,-0.06606,0.492907,0.927453,-0.067876,0.472751,0.912748,-0.066708,0.572277,0.898321,-0.031971,0.531489,0.935988,-0.045295,0.50366,0.928962,-0.045762,0.485404,0.914803,-0.04443,0.569086,0.906401,-0.017225,0.537389,0.928014,-0.029451,0.514556,0.923448,-0.032916,0.498623,0.913294,-0.032849
84,2800,True,0.9989,0.9989,0.584115,0.795177,0.0,0.548388,0.78071,-0.040826,0.516538,0.796579,-0.062252,0.494509,0.832111,-0.073418,0.475705,0.867647,-0.081994,0.557496,0.859127,-0.067975,0.516932,0.91213,-0.084632,0.487739,0.920074,-0.088373,0.467295,0.916834,-0.088131,0.572527,0.885921,-0.048899,0.524626,0.932068,-0.063909,0.493606,0.926687,-0.064471,0.474922,0.912348,-0.062944,0.575096,0.901447,-0.030169,0.531933,0.936662,-0.041834,0.505846,0.928098,-0.041518,0.489218,0.913471,-0.040234,0.572519,0.908502,-0.013949,0.539036,0.928193,-0.02533,0.517294,0.922171,-0.028668,0.502702,0.911034,-0.028788
85,2833,True,0.9986,0.9986,0.585087,0.795595,0.0,0.547952,0.780832,-0.040941,0.515935,0.795035,-0.063465,0.494149,0.831098,-0.075836,0.474925,0.86751,-0.085747,0.557813,0.858917,-0.069422,0.517294,0.910242,-0.087569,0.487991,0.919362,-0.09235,0.466603,0.917697,-0.092928,0.572789,0.887521,-0.051207,0.524132,0.934314,-0.067765,0.492872,0.92841,-0.069022,0.473762,0.913804,-0.067867,0.574953,0.904292,-0.033324,0.530838,0.939084,-0.046388,0.503807,0.930586,-0.046199,0.486557,0.9158,-0.044735,0.571874,0.912008,-0.017938,0.537994,0.933062,-0.030023,0.515508,0.927979,-0.033246,0.500109,0.917738,-0.033187
86,2866,True,0.9986,0.9986,0.587994,0.796038,0.0,0.550219,0.780759,-0.040869,0.516665,0.795528,-0.062521,0.494665,0.831975,-0.073831,0.475225,0.868619,-0.082651,0.55746,0.860374,-0.068246,0.516154,0.911838,-0.085205,0.486752,0.920323,-0.089069,0.465747,0.918084,-0.088907,0.572883,0.88897,-0.0494,0.523847,0.936006,-0.064698,0.492769,0.930629,-0.065247,0.473817,0.916483,-0.063584,0.575851,0.905171,-0.030907,0.531689,0.940504,-0.043414,0.504742,0.931459,-0.043393,0.487291,0.916531,-0.04199,0.573586,0.912222,-0.014816,0.539514,0.933254,-0.026621,0.5176,0.926394,-0.029839,0.502605,0.914637,-0.02972
87,2900,True,0.9985,0.9985,0.584908,0.795456,0.0,0.548079,0.781059,-0.040205,0.516524,0.795705,-0.061996,0.494222,0.831161,-0.073769,0.47563,0.867109,-0.083074,0.558137,0.85978,-0.068142,0.517067,0.911881,-0.08596,0.487104,0.92013,-0.090649,0.465446,0.918452,-0.091104,0.572512,0.888125,-0.050144,0.523333,0.936229,-0.066193,0.491921,0.931304,-0.067433,0.472693,0.91822,-0.06635,0.574593,0.904507,-0.032479,0.53024,0.941633,-0.045266,0.502764,0.933139,-0.04546,0.485343,0.918412,-0.044327,0.571314,0.911904,-0.017243,0.537158,0.933729,-0.029724,0.51438,0.92768,-0.033271,0.499133,0.916717,-0.033328
88,2933,True,0.9978,0.9978,0.585699,0.792954,0.0,0.548811,0.779534,-0.038959,0.516396,0.795052,-0.059878,0.494354,0.831875,-0.071136,0.475585,0.868354,-0.080145,0.558307,0.857017,-0.065942,0.518014,0.909395,-0.08355,0.487898,0.919401,-0.088793,0.465319,0.920487,-0.089934,0.572496,0.885033,-0.048923,0.52409,0.93433,-0.065108,0.492574,0.931052,-0.067408,0.472882,0.918823,-0.06716,0.574548,0.901389,-0.032196,0.530741,0.939104,-0.04523,0.502851,0.931921,-0.046259,0.484542,0.91834,-0.045685,0.571403,0.908858,-0.017809,0.537709,0.932108,-0.030346,0.514942,0.927016,-0.034116,0.499084,0.916973,-0.034411
89,2966,True,0.9977,0.9977,0.584971,0.793444,0.0,0.548291,0.77957,-0.038422,0.516077,0.794953,-0.059985,0.492174,0.831107,-0.071971,0.474022,0.867856,-0.081741,0.555437,0.854395,-0.068837,0.516952,0.910038,-0.087671,0.487422,0.920599,-0.092734,0.465446,0.919943,-0.093276,0.570547,0.882745,-0.052153,0.523504,0.93416,-0.068844,0.492832,0.931934,-0.070206,0.473457,0.920027,-0.069263,0.573659,0.899964,-0.035609,0.531267,0.939779,-0.048303,0.504458,0.933548,-0.048192,0.486906,0.919943,-0.046973,0.571245,0.908369,-0.021421,0.538337,0.932566,-0.033435,0.516123,0.92828,-0.03657,0.500951,0.918207,-0.036462
90,3000,True,0.9978,0.9978,0.585227,0.793819,0.0,0.548418,0.7804,-0.03307,0.513798,0.795582,-0.052259,0.489682,0.831156,-0.063261,0.473027,0.866331,-0.072343,0.552877,0.850298,-0.062464,0.514758,0.906503,-0.081096,0.485326,0.918251,-0.086748,0.463535,0.919389,-0.087706,0.56834,0.878487,-0.048635,0.520235,0.928944,-0.063983,0.490237,0.928981,-0.065364,0.471345,0.91973,-0.064903,0.572583,0.896315,-0.034819,0.529164,0.936317,-0.046249,0.502319,0.93198,-0.046142,0.484779,0.920371,-0.045288,0.571234,0.905644,-0.023038,0.536479,0.930611,-0.034013,0.513682,0.927793,-0.036786,0.498409,0.919145,-0.03669
91,3033,True,0.9986,0.9986,0.5858,0.792809,0.0,0.548692,0.779615,-0.032431,0.511268,0.799754,-0.049678,0.485097,0.838876,-0.058377,0.463339,0.871525,-0.065143,0.551537,0.848836,-0.061102,0.512384,0.903684,-0.077296,0.484265,0.916413,-0.081187,0.463407,0.919489,-0.081309,0.568117,0.875839,-0.046528,0.522055,0.924298,-0.059278,0.494549,0.925017,-0.058593,0.477616,0.916954,-0.05733,0.574294,0.892595,-0.031882,0.531895,0.930759,-0.041756,0.508314,0.925017,-0.040455,0.493486,0.913858,-0.039138,0.574928,0.90113,-0.019178,0.539861,0.925716,-0.028676,0.519209,0.920526,-0.03048,0.506732,0.910731,-0.030142
92,3066,True,0.9988,0.9988,0.585751,0.794509,0.0,0.548981,0.78182,-0.029343,0.511016,0.803236,-0.045046,0.482864,0.840207,-0.053214,0.46229,0.872291,-0.05986,0.547758,0.848757,-0.056503,0.510922,0.904326,-0.07248,0.484146,0.917537,-0.076696,0.464114,0.919737,-0.076876,0.565776,0.874433,-0.043702,0.523197,0.923457,-0.05613,0.495829,0.927132,-0.055913,0.477577,0.919577,-0.054951,0.574493,0.890705,-0.030873,0.535864,0.930308,-0.04014,0.512607,0.928124,-0.039015,0.49677,0.918639,-0.03787,0.57677,0.899784,-0.019796,0.544598,0.927085,-0.028208,0.523898,0.925571,-0.029224,0.51048,0.918229,-0.028484
93,3100,True,0.999,0.999,0.580296,0.799679,0.0,0.544273,0.785733,-0.031171,0.507959,0.806511,-0.04789,0.479737,0.841896,-0.056722,0.460636,0.873811,-0.064084,0.546267,0.850254,-0.060928,0.511177,0.905987,-0.07779,0.484979,0.918264,-0.081919,0.46639,0.917983,-0.081952,0.565288,0.876695,-0.047516,0.525473,0.927721,-0.061206,0.498779,0.929643,-0.061117,0.48229,0.919144,-0.060268,0.574459,0.893502,-0.034065,0.538341,0.93621,-0.044319,0.515695,0.932173,-0.043157,0.50157,0.919678,-0.04205,0.576815,0.903263,-0.022447,0.54715,0.932925,-0.032257,0.527407,0.929926,-0.033833,0.515616,0.919995,-0.033555
94,3133,True,0.999,0.999,0.582609,0.796319,0.0,0.546281,0.784903,-0.025575,0.508487,0.807145,-0.039209,0.481734,0.842963,-0.046508,0.462041,0.872789,-0.052636,0.544808,0.850474,-0.046929,0.512041,0.899973,-0.061016,0.48777,0.914267,-0.065709,0.469846,0.916748,-0.066964,0.564737,0.873578,-0.036418,0.529222,0.920336,-0.047349,0.504261,0.928879,-0.048445,0.486614,0.926511,-0.048954,0.575997,0.888537,-0.026107,0.545648,0.929496,-0.034333,0.524161,0.932492,-0.033825,0.508982,0.927529,-0.033534,0.581035,0.897247,-0.017341,0.555722,0.927924,-0.024341,0.537848,0.931084,-0.024737,0.525803,0.927182,-0.024164
95,3166,True,0.9991,0.9991,0.578429,0.799982,0.0,0.54184,0.7893,-0.024668,0.504844,0.811409,-0.037853,0.479125,0.848013,-0.044734,0.462952,0.880576,-0.050364,0.542357,0.849283,-0.0494,0.512421,0.90628,-0.064075,0.49024,0.920662,-0.068285,0.474338,0.922254,-0.068602,0.564052,0.872622,-0.039088,0.533096,0.928804,-0.049979,0.511252,0.936089,-0.050123,0.497773,0.929682,-0.049685,0.576615,0.887775,-0.028631,0.548108,0.933651,-0.035818,0.530511,0.931995,-0.033759,0.521006,0.92079,-0.032203,0.581503,0.897,-0.01971,0.557874,0.929967,-0.025877,0.543447,0.929229,-0.025526,0.536334,0.921065,-0.024255
96,3200,True,0.9986,0.9986,0.578366,0.793856,0.0,0.540575,0.788567,-0.021624,0.503477,0.817458,-0.033033,0.479728,0.857072,-0.038797,0.465978,0.891905,-0.043564,0.539556,0.84823,-0.043014,0.516573,0.903499,-0.056063,0.496982,0.92752,-0.059402,0.482157,0.937074,-0.059289,0.562513,0.868291,-0.034386,0.536516,0.923765,-0.045028,0.514143,0.943299,-0.045805,0.497542,0.946524,-0.045353,0.576811,0.881793,-0.02572,0.55313,0.930178,-0.032962,0.532789,0.946085,-0.032675,0.516472,0.950682,-0.032043,0.583873,0.890066,-0.018234,0.563851,0.927199,-0.023932,0.546507,0.94252,-0.024552,0.532441,0.949337,-0.024011
97,3233,True,0.9963,0.9963,0.575667,0.792798,0.0,0.540128,0.789226,-0.016223,0.506371,0.815657,-0.024963,0.486063,0.851338,-0.029677,0.472561,0.88104,-0.033636,0.535911,0.841802,-0.032496,0.518313,0.888677,-0.041128,0.506677,0.910021,-0.042354,0.498193,0.920412,-0.041647,0.559982,0.859504,-0.026266,0.542995,0.912336,-0.032501,0.529176,0.929467,-0.031675,0.519769,0.933104,-0.030872,0.577508,0.871909,-0.019885,0.561776,0.92009,-0.024222,0.55007,0.928719,-0.021714,0.542093,0.926271,-0.019863,0.588252,0.880271,-0.014365,0.574002,0.917774,-0.017216,0.563985,0.925588,-0.015233,0.557817,0.924721,-0.013236
98,3266,True,0.9908,0.9908,0.572283,0.78805,0.0,0.537396,0.788069,-0.012951,0.506186,0.818669,-0.022596,0.48977,0.858244,-0.028175,0.481234,0.887224,-0.033959,0.520592,0.822885,-0.041011,0.489453,0.864828,-0.051459,0.475105,0.892659,-0.053047,0.466247,0.911121,-0.052546,0.54493,0.844823,-0.037163,0.521076,0.903734,-0.044563,0.507743,0.926048,-0.041673,0.500119,0.933124,-0.039478,0.567504,0.864081,-0.031936,0.549504,0.921574,-0.036999,0.537381,0.931344,-0.031641,0.531668,0.92771,-0.027903,0.585706,0.879364,-0.026943,0.570474,0.92316,-0.029932,0.559768,0.927567,-0.024986,0.554635,0.921368,-0.020724
99,3300,True,0.999,0.999,0.571085,0.794123,0.0,0.534885,0.794894,-0.014806,0.498708,0.824854,-0.025354,0.480859,0.867287,-0.031127,0.481544,0.90189,-0.037858,0.522707,0.82878,-0.04749,0.491861,0.871422,-0.060052,0.478204,0.901813,-0.063336,0.471656,0.922022,-0.063982,0.549185,0.850451,-0.043297,0.526574,0.916294,-0.052709,0.51619,0.927109,-0.050391,0.515419,0.91882,-0.048587,0.571944,0.867866,-0.037518,0.551769,0.92983,-0.043141,0.542917,0.926346,-0.036439,0.544013,0.90814,-0.031954,0.587877,0.880121,-0.03216,0.570975,0.927745,-0.035908,0.563355,0.92305,-0.030725,0.564767,0.90807,-0.026525
100,3333,True,0.9982,0.9982,0.570337,0.796306,0.0,0.533442,0.797655,-0.013756,0.498962,0.827712,-0.024177,0.480788,0.86902,-0.02986,0.477209,0.90496,-0.036304,0.525102,0.833834,-0.048573,0.496633,0.878166,-0.061107,0.483254,0.907803,-0.063134,0.476059,0.926239,-0.062285,0.551905,0.852913,-0.04455,0.528269,0.918478,-0.05376,0.513994,0.93748,-0.050635,0.507563,0.937205,-0.047983,0.574056,0.868335,-0.038688,0.554367,0.931143,-0.044106,0.541585,0.934324,-0.037796,0.537124,0.92107,-0.033296,0.589223,0.878414,-0.033079,0.573642,0.926792,-0.036293,0.561906,0.927975,-0.031294,0.557194,0.917356,-0.026991
101,3366,True,0.9987,0.9987,0.570517,0.796252,0.0,0.533215,0.796782,-0.015616,0.498562,0.828424,-0.026593,0.479514,0.871822,-0.032751,0.475177,0.909756,-0.039369,0.528999,0.838193,-0.04653,0.506622,0.889938,-0.058853,0.493459,0.922262,-0.06053,0.484643,0.940134,-0.059254,0.556261,0.856271,-0.041649,0.532753,0.92349,-0.050796,0.516122,0.945466,-0.048101,0.505627,0.948824,-0.045346,0.577004,0.869543,-0.03535,0.556317,0.930789,-0.040595,0.541161,0.941034,-0.035066,0.532601,0.935299,-0.03107,0.590755,0.877955,-0.029594,0.573806,0.925085,-0.032367,0.559607,0.93296,-0.027901,0.551519,0.929393,-0.024025
102,3400,True,0.999,0.999,0.570407,0.793448,0.0,0.533328,0.793682,-0.015899,0.497672,0.828569,-0.026407,0.478224,0.873818,-0.032111,0.473412,0.911603,-0.037985,0.523467,0.832076,-0.045795,0.496286,0.878798,-0.057599,0.483149,0.908435,-0.059348,0.474596,0.92666,-0.058567,0.551367,0.852428,-0.040986,0.528251,0.920207,-0.049645,0.512412,0.944581,-0.047347,0.502332,0.950172,-0.045447,0.573586,0.868209,-0.034796,0.553049,0.932048,-0.040644,0.537589,0.941,-0.035844,0.528752,0.933891,-0.032559,0.589007,0.879242,-0.029116,0.571712,0.926488,-0.033145,0.557025,0.933571,-0.029458,0.548508,0.929129,-0.026292
103,3433,True,0.999,0.999,0.570325,0.796828,0.0,0.532882,0.798717,-0.016099,0.49703,0.831523,-0.025118,0.478607,0.87624,-0.029466,0.474301,0.913685,-0.033748,0.531208,0.843203,-0.039972,0.515412,0.898449,-0.049632,0.503151,0.927684,-0.050477,0.494029,0.942481,-0.048976,0.558174,0.860591,-0.033928,0.540298,0.928171,-0.040526,0.52439,0.942473,-0.037906,0.516472,0.937493,-0.035697,0.578272,0.872615,-0.026974,0.560887,0.931392,-0.03097,0.548501,0.929624,-0.026564,0.544644,0.913565,-0.023428,0.590933,0.881431,-0.020717,0.574964,0.9272,-0.023111,0.565492,0.924144,-0.019726,0.564182,0.909907,-0.016824
104,3466,True,0.9981,0.9981,0.570437,0.795396,0.0,0.531126,0.797222,-0.018935,0.496054,0.832876,-0.028273,0.479324,0.878962,-0.032361,0.473736,0.918921,-0.035629,0.53414,0.848741,-0.041476,0.525959,0.911027,-0.052417,0.511527,0.94098,-0.053659,0.498648,0.954202,-0.051974,0.561179,0.864714,-0.033525,0.544886,0.930265,-0.041515,0.526044,0.949507,-0.03976,0.511612,0.949359,-0.037781,0.57901,0.87676,-0.025123,0.560843,0.932597,-0.02996,0.543465,0.942665,-0.02683,0.530769,0.938242,-0.02434,0.58992,0.886128,-0.017799,0.571852,0.928122,-0.021489,0.55495,0.937345,-0.020131,0.54365,0.936133,-0.018271
105,3500,True,0.9983,0.9983,0.571514,0.794213,0.0,0.529842,0.796379,-0.021706,0.493947,0.834627,-0.031649,0.480359,0.881568,-0.035519,0.477566,0.921544,-0.038574,0.5301,0.848265,-0.045605,0.524695,0.910703,-0.057231,0.515275,0.948221,-0.05925,0.505349,0.972634,-0.058583,0.558602,0.865887,-0.036957,0.543917,0.930621,-0.045368,0.526482,0.957836,-0.043549,0.510654,0.967164,-0.041676,0.577814,0.878058,-0.028051,0.557464,0.934003,-0.033052,0.53861,0.952213,-0.029931,0.522193,0.957584,-0.027833,0.589848,0.886706,-0.020607,0.568723,0.92559,-0.024693,0.550462,0.940157,-0.023622,0.536092,0.946577,-0.022189
106,3533,True,0.9987,0.9987,0.568502,0.793195,0.0,0.52945,0.796219,-0.023477,0.495884,0.833182,-0.034244,0.480022,0.878733,-0.038629,0.475774,0.91951,-0.042651,0.530978,0.855741,-0.046638,0.526554,0.917308,-0.060003,0.52044,0.957263,-0.065857,0.514687,0.985929,-0.068374,0.555686,0.871404,-0.037204,0.542917,0.934952,-0.045307,0.527102,0.964929,-0.045176,0.51334,0.980561,-0.045345,0.573436,0.88035,-0.027675,0.556243,0.934111,-0.032042,0.538705,0.949131,-0.028767,0.524195,0.952338,-0.026971,0.584997,0.885517,-0.019908,0.567113,0.923935,-0.023678,0.550839,0.935148,-0.021718,0.538687,0.93722,-0.019798
107,3566,True,0.9957,0.9957,0.569755,0.791366,0.0,0.529851,0.796594,-0.023899,0.494798,0.835191,-0.035816,0.478687,0.88114,-0.041177,0.47679,0.920118,-0.046075,0.5306,0.851866,-0.052996,0.528455,0.916674,-0.069258,0.522161,0.957277,-0.07668,0.516638,0.988622,-0.08006,0.55588,0.867404,-0.04433,0.542738,0.93776,-0.05553,0.527132,0.975698,-0.057036,0.514044,1.000612,-0.058232,0.574871,0.878156,-0.035178,0.556968,0.932339,-0.041089,0.540626,0.940428,-0.037559,0.528644,0.936217,-0.035068,0.587981,0.885506,-0.027978,0.569299,0.923514,-0.032024,0.554495,0.928948,-0.029709,0.545035,0.925686,-0.027372
108,3600,True,0.9887,0.9887,0.570453,0.792821,0.0,0.529651,0.798307,-0.023339,0.49537,0.835736,-0.034663,0.477627,0.882369,-0.039901,0.47746,0.921363,-0.044504,0.531641,0.859139,-0.049171,0.526976,0.923716,-0.064426,0.520266,0.961964,-0.071831,0.514993,0.992288,-0.075287,0.557927,0.87298,-0.040758,0.544559,0.940571,-0.050835,0.531172,0.976147,-0.052001,0.52124,1.000335,-0.053171,0.578067,0.881566,-0.032095,0.559385,0.930083,-0.037522,0.547519,0.929554,-0.033066,0.541851,0.917996,-0.029676,0.59124,0.887506,-0.025539,0.571458,0.922451,-0.028779,0.561028,0.921795,-0.025626,0.557681,0.912865,-0.022637
109,3633,True,0.9897,0.9897,0.569692,0.792508,0.0,0.529655,0.798301,-0.020296,0.495406,0.837051,-0.029848,0.479468,0.885544,-0.034234,0.478339,0.926481,-0.03845,0.529397,0.868115,-0.040822,0.520982,0.933988,-0.05243,0.515426,0.975771,-0.057559,0.512119,1.007043,-0.06004,0.556003,0.880042,-0.032633,0.542829,0.93708,-0.039765,0.531528,0.95375,-0.039004,0.525908,0.959716,-0.038892,0.576986,0.885495,-0.024212,0.561561,0.926005,-0.027878,0.553905,0.91947,-0.022091,0.552265,0.904021,-0.018467,0.591648,0.888448,-0.017477,0.574714,0.918494,-0.019535,0.568264,0.911268,-0.015368,0.5689,0.897361,-0.011939
110,3666,True,0.9978,0.9978,0.57005,0.795423,0.0,0.529908,0.79832,-0.017146,0.496573,0.83424,-0.024624,0.480585,0.883337,-0.027629,0.479167,0.924903,-0.030349,0.526857,0.87277,-0.031462,0.51732,0.933594,-0.038882,0.510239,0.968263,-0.04108,0.505773,0.99059,-0.041769,0.553271,0.885623,-0.023619,0.538802,0.931983,-0.028807,0.529594,0.926572,-0.027158,0.527572,0.910586,-0.025802,0.57446,0.890283,-0.015473,0.558909,0.923791,-0.017709,0.554124,0.914208,-0.01273,0.554933,0.898487,-0.009908,0.589864,0.892075,-0.008518,0.574076,0.915201,-0.009514,0.568962,0.906291,-0.006263,0.569893,0.892806,-0.003624
111,3699,True,0.9953,0.9953,0.569176,0.791197,0.0,0.529631,0.797737,-0.015345,0.496995,0.835029,-0.021574,0.481975,0.883543,-0.024078,0.480347,0.923201,-0.026309,0.5285,0.874575,-0.025277,0.519259,0.925108,-0.032684,0.513937,0.952427,-0.036152,0.511143,0.96917,-0.037909,0.553181,0.886537,-0.018878,0.540057,0.924053,-0.02408,0.533094,0.91528,-0.023985,0.532049,0.899043,-0.02389,0.573094,0.890156,-0.01257,0.558778,0.918875,-0.015366,0.554905,0.908479,-0.011466,0.555914,0.892707,-0.009286,0.588291,0.890274,-0.007371,0.574276,0.911253,-0.008614,0.569629,0.901936,-0.005611,0.570265,0.88848,-0.003159
112,3733,True,0.9989,0.9989,0.569629,0.793265,0.0,0.530382,0.796505,-0.014745,0.498367,0.829618,-0.020787,0.482806,0.873688,-0.023119,0.479159,0.910061,-0.025237,0.526372,0.870372,-0.026113,0.518972,0.91882,-0.032893,0.515057,0.946342,-0.035668,0.51316,0.964464,-0.037051,0.550512,0.883256,-0.019983,0.539496,0.924986,-0.023824,0.531012,0.924736,-0.023119,0.527791,0.91466,-0.023087,0.57078,0.887736,-0.013729,0.557763,0.919436,-0.015797,0.552286,0.911705,-0.012247,0.551826,0.897376,-0.010468,0.586519,0.887789,-0.008508,0.573067,0.910729,-0.009792,0.567603,0.903587,-0.007219,0.567324,0.891427,-0.005095
113,3766,True,0.997,0.997,0.56833,0.796999,0.0,0.530743,0.797671,-0.017813,0.497807,0.830495,-0.025434,0.481942,0.875687,-0.029022,0.478488,0.912908,-0.032683,0.524868,0.869943,-0.030125,0.518153,0.920085,-0.039374,0.512629,0.950807,-0.044128,0.509562,0.971772,-0.046899,0.548887,0.883138,-0.023625,0.538866,0.92218,-0.030131,0.532031,0.921166,-0.030405,0.530017,0.911902,-0.030876,0.56949,0.887825,-0.017378,0.557183,0.916762,-0.02199,0.554255,0.908167,-0.018088,0.554896,0.895014,-0.015731,0.585737,0.888397,-0.012453,0.573182,0.91146,-0.015626,0.569855,0.903145,-0.012713,0.570736,0.891131,-0.010158
114,3800,True,0.9981,0.9981,0.568067,0.794351,0.0,0.529696,0.796947,-0.015987,0.496351,0.833163,-0.02223,0.48224,0.880344,-0.024664,0.481675,0.917449,-0.027074,0.525804,0.868795,-0.026349,0.518903,0.917801,-0.033599,0.513716,0.947047,-0.036889,0.510475,0.966805,-0.038859,0.549898,0.88267,-0.020171,0.537955,0.919164,-0.025204,0.53072,0.916128,-0.025102,0.529161,0.905157,-0.025322,0.570175,0.888112,-0.014159,0.555454,0.915766,-0.017461,0.551562,0.907174,-0.013968,0.551982,0.894502,-0.012114,0.585707,0.889586,-0.00929,0.570321,0.910825,-0.01117,0.566026,0.902558,-0.008324,0.567146,0.890956,-0.006075
115,3833,True,0.9934,0.9934,0.567681,0.793688,0.0,0.530255,0.79631,-0.016152,0.49678,0.832614,-0.022302,0.48114,0.87828,-0.024782,0.48112,0.9138,-0.027152,0.521616,0.86304,-0.027384,0.514536,0.913915,-0.036242,0.510109,0.945938,-0.040054,0.507447,0.968478,-0.041826,0.545864,0.877261,-0.022089,0.534862,0.924338,-0.028099,0.526436,0.94387,-0.029054,0.521432,0.954032,-0.02985,0.567717,0.884142,-0.017054,0.555225,0.918137,-0.021863,0.549476,0.912546,-0.018546,0.546929,0.901329,-0.015828,0.585143,0.886376,-0.013264,0.57123,0.9113,-0.015841,0.566319,0.90474,-0.012123,0.56557,0.893352,-0.008636
116,3866,True,0.9982,0.9982,0.567696,0.795137,0.0,0.530128,0.795823,-0.01566,0.497638,0.828396,-0.021971,0.482338,0.872153,-0.024319,0.478121,0.907252,-0.026377,0.52285,0.868287,-0.028195,0.515188,0.92154,-0.035188,0.51179,0.952485,-0.037885,0.510387,0.972991,-0.039205,0.548409,0.881523,-0.021999,0.538647,0.925898,-0.026311,0.532377,0.929777,-0.02567,0.530312,0.92426,-0.025696,0.569868,0.88702,-0.015672,0.557084,0.919193,-0.018205,0.553016,0.912282,-0.014384,0.552857,0.899737,-0.012322,0.586362,0.888428,-0.010481,0.572106,0.911613,-0.012061,0.568122,0.904636,-0.009114,0.568827,0.89383,-0.00668
117,3900,True,0.9986,0.9986,0.567511,0.795331,0.0,0.528605,0.797168,-0.014305,0.496863,0.830222,-0.020184,0.480497,0.872129,-0.022353,0.4762,0.906822,-0.024331,0.524485,0.873439,-0.027833,0.51431,0.927795,-0.034171,0.504876,0.955536,-0.036537,0.497844,0.97072,-0.037562,0.550534,0.885679,-0.021415,0.537324,0.928713,-0.023802,0.527924,0.92798,-0.021638,0.524464,0.916295,-0.021148,0.571771,0.888838,-0.014794,0.556026,0.921336,-0.015594,0.549506,0.916091,-0.011459,0.548532,0.903253,-0.010014,0.587385,0.887819,-0.009128,0.571226,0.911826,-0.009684,0.565271,0.905738,-0.006537,0.56555,0.894151,-0.004461
118,3933,True,0.9985,0.9985,0.569022,0.796713,0.0,0.5289,0.797509,-0.014745,0.496059,0.830484,-0.019863,0.479658,0.872468,-0.021129,0.475266,0.908105,-0.021757,0.523865,0.876463,-0.026143,0.510298,0.931429,-0.0315,0.500163,0.956705,-0.032829,0.492087,0.969856,-0.032922,0.5503,0.889441,-0.019342,0.535892,0.937392,-0.020828,0.524222,0.946466,-0.019033,0.516508,0.943223,-0.018678,0.571381,0.893502,-0.012372,0.552971,0.930402,-0.011967,0.543305,0.928183,-0.008028,0.539046,0.917056,-0.006736,0.586714,0.892978,-0.006596,0.568508,0.918158,-0.00664,0.559826,0.915057,-0.003756,0.55711,0.905414,-0.00165
119,3966,True,0.9973,0.9973,0.569542,0.797625,0.0,0.527473,0.79859,-0.014137,0.493511,0.832862,-0.019453,0.476778,0.877768,-0.020978,0.473927,0.914793,-0.021837,0.523472,0.878552,-0.027367,0.506272,0.934361,-0.03333,0.494753,0.955352,-0.034604,0.487286,0.963453,-0.0345,0.550743,0.892324,-0.020844,0.528579,0.939803,-0.022469,0.51703,0.939026,-0.019956,0.513442,0.927987,-0.019177,0.57136,0.896304,-0.013957,0.547066,0.933327,-0.013718,0.538799,0.927022,-0.008426,0.538425,0.913547,-0.006397,0.586014,0.895792,-0.008089,0.562893,0.923123,-0.008284,0.55502,0.916554,-0.004316,0.555262,0.904252,-0.001501
120,4000,True,0.9972,0.9972,0.57252,0.793349,0.0,0.529912,0.794332,-0.01497,0.493692,0.829933,-0.021649,0.476919,0.878022,-0.024219,0.47257,0.916589,-0.025863,0.522815,0.869908,-0.031474,0.507392,0.929017,-0.039533,0.498413,0.944301,-0.041106,0.494678,0.945503,-0.040639,0.550301,0.885672,-0.024992,0.527552,0.932298,-0.028667,0.518569,0.924802,-0.026028,0.518902,0.909125,-0.024948,0.570907,0.892463,-0.018259,0.545941,0.930051,-0.01933,0.539529,0.919845,-0.013597,0.541587,0.904394,-0.011276,0.585897,0.894903,-0.012569,0.561035,0.920413,-0.01365,0.554164,0.910914,-0.010004,0.556007,0.898478,-0.00753
121,4033,True,0.9923,0.9923,0.571114,0.795071,0.0,0.529686,0.795993,-0.014911,0.494832,0.828037,-0.022365,0.476776,0.873682,-0.025859,0.473956,0.911862,-0.028648,0.524201,0.874338,-0.032389,0.507246,0.931131,-0.040766,0.496657,0.947207,-0.042707,0.490954,0.949876,-0.042597,0.55148,0.890206,-0.026129,0.526765,0.932218,-0.029359,0.516861,0.925094,-0.026451,0.516011,0.910884,-0.02565,0.572061,0.895413,-0.019518,0.546144,0.930194,-0.020491,0.538861,0.921051,-0.01437,0.540023,0.906229,-0.01204,0.586718,0.895829,-0.013914,0.562283,0.920858,-0.014776,0.554612,0.912941,-0.010411,0.55589,0.900626,-0.007513
122,4066,True,0.9955,0.9955,0.573617,0.793295,0.0,0.530349,0.795042,-0.014571,0.494142,0.83051,-0.021117,0.476077,0.879505,-0.023783,0.471478,0.91962,-0.025909,0.525457,0.869041,-0.029684,0.50984,0.924719,-0.037576,0.500497,0.94501,-0.039988,0.495519,0.952394,-0.04047,0.552148,0.883992,-0.023602,0.530285,0.928888,-0.027456,0.521421,0.923194,-0.025362,0.521309,0.908747,-0.02474,0.572308,0.889913,-0.017312,0.549332,0.926969,-0.01889,0.542995,0.918212,-0.013475,0.544355,0.903262,-0.01129,0.586862,0.891564,-0.012012,0.564703,0.917087,-0.013088,0.558121,0.90871,-0.009374,0.559586,0.896516,-0.006936
123,4100,True,0.9942,0.9942,0.572894,0.80029,0.0,0.52917,0.797857,-0.015221,0.49398,0.830132,-0.022282,0.476244,0.8779,-0.025299,0.472776,0.917694,-0.027763,0.526533,0.869854,-0.031905,0.509151,0.930925,-0.039263,0.496301,0.951654,-0.041074,0.488335,0.95796,-0.041258,0.553581,0.886799,-0.025293,0.526882,0.926611,-0.029484,0.517925,0.915314,-0.026825,0.519787,0.897422,-0.025626,0.573711,0.892662,-0.018265,0.545816,0.926398,-0.019326,0.539687,0.915634,-0.012735,0.542465,0.900321,-0.009999,0.58778,0.895153,-0.01234,0.561982,0.91738,-0.013226,0.555039,0.908057,-0.008997,0.557465,0.895774,-0.006248
124,4133,True,0.9969,0.9969,0.574822,0.795753,0.0,0.532869,0.795178,-0.013913,0.497906,0.828254,-0.020209,0.478361,0.873754,-0.022759,0.474993,0.912419,-0.024779,0.527091,0.870593,-0.029603,0.509563,0.928445,-0.037203,0.497657,0.94869,-0.039618,0.490587,0.956135,-0.040221,0.553341,0.885871,-0.023688,0.528781,0.931507,-0.027679,0.518927,0.924004,-0.025502,0.51884,0.908416,-0.024704,0.573426,0.891744,-0.017412,0.548275,0.92913,-0.018553,0.541017,0.919991,-0.012769,0.542528,0.904961,-0.010463,0.587574,0.89348,-0.012119,0.563975,0.918657,-0.013076,0.556775,0.910204,-0.009092,0.558295,0.897995,-0.006493
125,4166,True,0.9939,0.9939,0.574291,0.797111,0.0,0.531596,0.797249,-0.014546,0.496273,0.829546,-0.021264,0.478014,0.877404,-0.024076,0.475058,0.916784,-0.026324,0.52791,0.871939,-0.030489,0.510829,0.928975,-0.037673,0.500589,0.946691,-0.039413,0.494559,0.951946,-0.039617,0.554839,0.886903,-0.024296,0.530349,0.931663,-0.027837,0.520433,0.923996,-0.025542,0.519913,0.908261,-0.024855,0.575191,0.891765,-0.017661,0.550152,0.928463,-0.018298,0.543152,0.919214,-0.012411,0.544322,0.903805,-0.01017,0.589776,0.89248,-0.012061,0.566662,0.916942,-0.01264,0.559228,0.909356,-0.008795,0.560163,0.897416,-0.00634
126,4200,True,0.9972,0.9972,0.573887,0.797516,0.0,0.531683,0.797502,-0.01531,0.496117,0.830305,-0.022369,0.477536,0.877449,-0.025151,0.475183,0.917307,-0.027328,0.528267,0.870164,-0.032836,0.510753,0.927609,-0.040434,0.49941,0.947089,-0.042365,0.492398,0.954363,-0.042704,0.55466,0.88625,-0.026225,0.529966,0.934279,-0.029853,0.518803,0.928888,-0.027484,0.516886,0.914709,-0.026824,0.574284,0.892662,-0.019071,0.548211,0.931406,-0.019813,0.540019,0.922974,-0.014094,0.540239,0.908176,-0.011989,0.588032,0.894907,-0.012986,0.563346,0.921034,-0.013865,0.554984,0.913926,-0.010313,0.555459,0.902235,-0.008086
127,4233,True,0.997,0.997,0.573794,0.798201,0.0,0.531494,0.79713,-0.01517,0.495531,0.830015,-0.022241,0.477519,0.877501,-0.024972,0.475568,0.917167,-0.027217,0.527579,0.869631,-0.03332,0.511195,0.927734,-0.041032,0.49918,0.948008,-0.043201,0.491528,0.955081,-0.04359,0.554281,0.885664,-0.026691,0.530111,0.933525,-0.030619,0.519365,0.926644,-0.028358,0.518634,0.910149,-0.02749,0.57406,0.891451,-0.019418,0.548699,0.92934,-0.020091,0.5407,0.920301,-0.014357,0.541681,0.904654,-0.012148,0.58794,0.892939,-0.013177,0.563991,0.918087,-0.01381,0.556077,0.910064,-0.01009,0.557275,0.897737,-0.007731
128,4266,True,0.9978,0.9978,0.573808,0.800112,0.0,0.530682,0.797677,-0.016624,0.49563,0.830572,-0.024178,0.476895,0.878547,-0.027056,0.471107,0.919428,-0.029428,0.527041,0.870429,-0.035213,0.50869,0.932021,-0.042864,0.494601,0.952429,-0.044339,0.484652,0.958473,-0.043942,0.553592,0.886694,-0.027408,0.528761,0.937314,-0.029953,0.516238,0.935767,-0.026569,0.512099,0.923656,-0.025247,0.573352,0.892861,-0.019108,0.547655,0.932662,-0.018748,0.538224,0.92642,-0.013137,0.53645,0.913204,-0.011384,0.586884,0.894736,-0.011976,0.563277,0.920341,-0.012332,0.554045,0.914174,-0.009068,0.552927,0.903541,-0.007098
129,4300,True,0.9973,0.9973,0.574233,0.799301,0.0,0.531788,0.797302,-0.014905,0.497184,0.828846,-0.021843,0.47828,0.876178,-0.024812,0.473274,0.916423,-0.026893,0.527475,0.87111,-0.031394,0.509124,0.934399,-0.039433,0.496343,0.948394,-0.04136,0.489235,0.948445,-0.041247,0.554097,0.886539,-0.02489,0.527364,0.935854,-0.029493,0.517339,0.926835,-0.027334,0.518407,0.909976,-0.026278,0.573976,0.892562,-0.017989,0.547432,0.932955,-0.019215,0.540191,0.92252,-0.013066,0.542416,0.906587,-0.010358,0.587811,0.894521,-0.012177,0.563157,0.920511,-0.013622,0.556207,0.911475,-0.009861,0.558337,0.899077,-0.007182
130,4333,True,0.9969,0.9969,0.574363,0.799587,0.0,0.531518,0.798021,-0.015799,0.496292,0.829198,-0.02335,0.476792,0.876734,-0.026655,0.471961,0.918061,-0.02907,0.527539,0.872159,-0.034136,0.508115,0.938673,-0.042066,0.49329,0.953297,-0.043344,0.483852,0.954109,-0.04283,0.554885,0.887899,-0.027077,0.527031,0.937999,-0.031368,0.516184,0.928492,-0.028202,0.516629,0.911755,-0.026618,0.575285,0.893717,-0.019531,0.547848,0.933837,-0.020324,0.540495,0.922476,-0.013298,0.542607,0.906227,-0.010214,0.589315,0.895478,-0.013171,0.564278,0.921311,-0.014486,0.556724,0.911879,-0.010338,0.558619,0.899334,-0.007413
131,4366,True,0.9966,0.9966,0.5752,0.798909,0.0,0.530615,0.79814,-0.016506,0.494882,0.830732,-0.024743,0.475177,0.87977,-0.028363,0.471023,0.921775,-0.031088,0.528936,0.870746,-0.037437,0.508117,0.93827,-0.045998,0.492284,0.951635,-0.047351,0.482015,0.952002,-0.046866,0.556872,0.887396,-0.02997,0.5266,0.939023,-0.034491,0.515496,0.927718,-0.030953,0.516649,0.90974,-0.029191,0.577024,0.894105,-0.02181,0.54766,0.934539,-0.022428,0.540143,0.921653,-0.014681,0.542995,0.904433,-0.011249,0.590592,0.896426,-0.014893,0.564503,0.922648,-0.015982,0.556907,0.912449,-0.011495,0.559295,0.899682,-0.008458
132,4400,True,0.9954,0.9954,0.574959,0.798678,0.0,0.531364,0.797709,-0.017126,0.496299,0.829957,-0.025552,0.476721,0.878203,-0.029356,0.473356,0.919466,-0.032421,0.528326,0.873452,-0.036479,0.508272,0.93658,-0.045032,0.493102,0.951812,-0.046593,0.48296,0.953549,-0.04605,0.555068,0.889083,-0.028557,0.527777,0.936832,-0.031932,0.516755,0.929454,-0.028064,0.515498,0.914738,-0.026326,0.574841,0.895165,-0.020214,0.54805,0.932433,-0.020653,0.540474,0.922124,-0.013902,0.541411,0.90653,-0.011199,0.588503,0.897063,-0.013137,0.56441,0.922145,-0.014253,0.556338,0.91318,-0.010407,0.556991,0.90051,-0.007772
133,4433,True,0.9959,0.9959,0.574285,0.799266,0.0,0.531291,0.798035,-0.016261,0.497358,0.829234,-0.023952,0.477524,0.877438,-0.027573,0.472813,0.919232,-0.030278,0.528101,0.876348,-0.031702,0.508023,0.939255,-0.039356,0.495148,0.948221,-0.040824,0.487714,0.943774,-0.040296,0.55475,0.89049,-0.024229,0.528894,0.937142,-0.027173,0.518963,0.928419,-0.024408,0.518783,0.913379,-0.023387,0.574865,0.89514,-0.016504,0.549588,0.931239,-0.016546,0.542879,0.920211,-0.01043,0.544527,0.904842,-0.008119,0.588964,0.895919,-0.010022,0.56588,0.919945,-0.0108,0.558897,0.910532,-0.006973,0.560202,0.897772,-0.004267
134,4466,True,0.9951,0.9951,0.574694,0.798176,0.0,0.531736,0.797772,-0.016115,0.497041,0.829118,-0.023947,0.476991,0.876565,-0.027649,0.47361,0.917487,-0.030494,0.527964,0.874833,-0.03268,0.508085,0.93775,-0.040424,0.494644,0.948906,-0.041856,0.486088,0.946989,-0.041341,0.554452,0.889996,-0.025321,0.528272,0.936704,-0.028189,0.518387,0.928104,-0.025182,0.518031,0.913314,-0.024093,0.574622,0.895601,-0.017616,0.548712,0.932296,-0.017448,0.542059,0.921306,-0.011131,0.543675,0.905866,-0.00881,0.588866,0.897307,-0.011141,0.565567,0.922326,-0.01157,0.558132,0.913138,-0.00755,0.559161,0.900451,-0.00485
135,4500,True,0.9945,0.9945,0.574095,0.798384,0.0,0.531914,0.797997,-0.016411,0.497672,0.828627,-0.024393,0.477465,0.876189,-0.028178,0.473286,0.917459,-0.031116,0.528163,0.876386,-0.033307,0.507554,0.938475,-0.041243,0.49414,0.948468,-0.042782,0.485746,0.945395,-0.042365,0.554828,0.891038,-0.025897,0.528393,0.936868,-0.028763,0.51825,0.927986,-0.025761,0.517475,0.913005,-0.024835,0.575006,0.895799,-0.018145,0.549128,0.931272,-0.018254,0.54226,0.920183,-0.011875,0.543551,0.904658,-0.009571,0.58924,0.896364,-0.011626,0.565951,0.920805,-0.012472,0.558615,0.911234,-0.008383,0.559605,0.898217,-0.0056
136,4533,True,0.9959,0.9959,0.574726,0.798009,0.0,0.531618,0.797562,-0.016125,0.496926,0.829339,-0.024124,0.476697,0.876874,-0.027897,0.47231,0.917903,-0.030914,0.527981,0.874554,-0.033803,0.507017,0.938073,-0.041751,0.492445,0.951387,-0.04319,0.483121,0.951038,-0.042559,0.554646,0.889719,-0.026333,0.527628,0.938499,-0.029253,0.516765,0.931272,-0.025854,0.515757,0.916742,-0.024378,0.574522,0.895267,-0.018451,0.548294,0.933536,-0.018504,0.54068,0.923202,-0.01218,0.541637,0.907892,-0.009781,0.588248,0.896538,-0.011736,0.564531,0.922091,-0.012399,0.556676,0.913041,-0.008392,0.557479,0.900371,-0.005664
137,4566,True,0.9951,0.9951,0.574396,0.798176,0.0,0.531915,0.797536,-0.01651,0.49743,0.828307,-0.024605,0.477388,0.875789,-0.028496,0.472611,0.917517,-0.031591,0.528564,0.875895,-0.033064,0.506998,0.939001,-0.040836,0.493048,0.950787,-0.042326,0.484124,0.949464,-0.04189,0.55519,0.890373,-0.025573,0.528017,0.939441,-0.028604,0.516838,0.932139,-0.025821,0.515268,0.91761,-0.024877,0.57513,0.895401,-0.017719,0.548984,0.934396,-0.018141,0.540821,0.924266,-0.012199,0.541323,0.909144,-0.010019,0.588834,0.896285,-0.011038,0.565332,0.923067,-0.012101,0.557194,0.914222,-0.008216,0.557763,0.901392,-0.005535
138,4600,True,0.9942,0.9942,0.574184,0.798964,0.0,0.53061,0.797859,-0.01716,0.496335,0.829218,-0.025533,0.476051,0.877301,-0.029549,0.47186,0.919439,-0.032757,0.528067,0.874555,-0.03514,0.507132,0.939123,-0.043229,0.492575,0.950983,-0.044591,0.483145,0.949536,-0.044063,0.555187,0.889419,-0.027422,0.528119,0.938686,-0.030871,0.517459,0.929684,-0.027607,0.51698,0.913776,-0.026268,0.575384,0.894621,-0.019317,0.548476,0.932424,-0.019869,0.541384,0.920416,-0.013104,0.543131,0.904236,-0.010365,0.589522,0.895729,-0.012497,0.565545,0.921336,-0.013861,0.558007,0.911094,-0.009814,0.559283,0.897674,-0.006981
139,4633,True,0.9943,0.9943,0.574457,0.798881,0.0,0.530987,0.797967,-0.016625,0.496894,0.828824,-0.024851,0.476519,0.876505,-0.028905,0.471235,0.918989,-0.032254,0.528312,0.875354,-0.033397,0.507793,0.938986,-0.041003,0.493443,0.951393,-0.042341,0.483732,0.950728,-0.041821,0.555272,0.889622,-0.025917,0.52904,0.940997,-0.028677,0.51763,0.93422,-0.025532,0.515774,0.91939,-0.024287,0.575596,0.894233,-0.018056,0.549616,0.933773,-0.017978,0.541671,0.923279,-0.011621,0.542363,0.907549,-0.009209,0.589705,0.894819,-0.011447,0.56673,0.921804,-0.012218,0.558801,0.912605,-0.008209,0.559487,0.899375,-0.005458
140,4666,True,0.9954,0.9954,0.574335,0.798998,0.0,0.531079,0.798579,-0.01629,0.497177,0.828876,-0.024326,0.477334,0.876041,-0.028401,0.472755,0.917751,-0.031585,0.528902,0.874333,-0.031978,0.508937,0.937803,-0.040067,0.495573,0.947658,-0.042004,0.487207,0.944485,-0.04184,0.555665,0.888604,-0.02486,0.529622,0.938906,-0.028612,0.519107,0.930754,-0.026371,0.518667,0.915128,-0.025503,0.57581,0.893819,-0.017443,0.550131,0.932897,-0.018089,0.543273,0.92169,-0.011923,0.545178,0.905709,-0.009344,0.589806,0.895095,-0.011286,0.566724,0.922093,-0.012496,0.559669,0.912532,-0.008528,0.561215,0.89914,-0.005625
141,4700,True,0.9959,0.9959,0.57467,0.799526,0.0,0.531609,0.798677,-0.016513,0.497616,0.829369,-0.02463,0.477893,0.876663,-0.028634,0.472222,0.918151,-0.031697,0.530033,0.8742,-0.033053,0.509238,0.938585,-0.041261,0.494855,0.948802,-0.042955,0.485771,0.945631,-0.042578,0.556584,0.888796,-0.025622,0.529276,0.938302,-0.029462,0.518302,0.930038,-0.026827,0.517615,0.914988,-0.025682,0.576163,0.894236,-0.017879,0.549586,0.933118,-0.01866,0.542154,0.922055,-0.012373,0.543499,0.906573,-0.009722,0.589518,0.895654,-0.011385,0.565605,0.921621,-0.012855,0.55805,0.912276,-0.009053,0.5592,0.899424,-0.006215
142,4733,True,0.9959,0.9959,0.575079,0.799323,0.0,0.532244,0.797989,-0.017196,0.497453,0.829595,-0.025316,0.477581,0.877587,-0.029093,0.472133,0.9197,-0.032056,0.529812,0.875666,-0.033101,0.509288,0.938732,-0.041289,0.495062,0.952194,-0.043186,0.485453,0.952061,-0.042896,0.556355,0.890053,-0.025227,0.530401,0.940473,-0.028444,0.518042,0.936941,-0.025924,0.514246,0.92486,-0.025036,0.576001,0.895419,-0.017137,0.550225,0.934785,-0.01784,0.541329,0.926656,-0.012542,0.540237,0.913025,-0.010605,0.589206,0.896868,-0.010293,0.565937,0.923845,-0.011697,0.557207,0.916267,-0.008395,0.556516,0.90428,-0.005958
143,4766,True,0.9955,0.9955,0.575438,0.79775,0.0,0.532502,0.796722,-0.016621,0.498262,0.828293,-0.024674,0.478117,0.876226,-0.028571,0.47248,0.918077,-0.031549,0.529647,0.874921,-0.032805,0.509383,0.938864,-0.040884,0.495167,0.949467,-0.042399,0.485954,0.946609,-0.04182,0.556533,0.889146,-0.025344,0.530291,0.940794,-0.028558,0.518772,0.934238,-0.025649,0.516828,0.92023,-0.02438,0.576337,0.894148,-0.017608,0.550209,0.933674,-0.018045,0.542364,0.923095,-0.01186,0.543088,0.907978,-0.009336,0.589818,0.894915,-0.011134,0.566205,0.92124,-0.012254,0.558578,0.911771,-0.008361,0.559457,0.898914,-0.005524
144,4800,True,0.9963,0.9963,0.574013,0.797397,0.0,0.531427,0.797409,-0.015927,0.497961,0.827568,-0.024401,0.477641,0.874351,-0.028856,0.472446,0.916062,-0.032335,0.528662,0.872714,-0.03326,0.508996,0.938224,-0.041322,0.495471,0.948471,-0.042336,0.487309,0.944395,-0.041292,0.555404,0.887542,-0.026076,0.528604,0.937559,-0.029006,0.517941,0.929324,-0.025479,0.517258,0.914289,-0.023958,0.575625,0.893277,-0.018548,0.549304,0.932725,-0.018365,0.541885,0.922083,-0.011557,0.543122,0.906624,-0.008947,0.589664,0.895206,-0.012237,0.565547,0.921327,-0.012824,0.558091,0.912236,-0.00864,0.559336,0.899804,-0.005795
145,4833,True,0.9963,0.9963,0.573304,0.798304,0.0,0.530976,0.797732,-0.016396,0.49811,0.8275,-0.024928,0.47805,0.874302,-0.029328,0.472183,0.915883,-0.032671,0.529472,0.872585,-0.033877,0.509447,0.937865,-0.0421,0.496123,0.947017,-0.043196,0.488364,0.942498,-0.04223,0.556095,0.88728,-0.026487,0.529256,0.937607,-0.029762,0.518581,0.929244,-0.026392,0.518135,0.914017,-0.024965,0.575959,0.89276,-0.018763,0.549715,0.932535,-0.019067,0.542322,0.921625,-0.012332,0.543684,0.906163,-0.009674,0.589617,0.894341,-0.01227,0.56565,0.920746,-0.013438,0.558359,0.911363,-0.009399,0.559765,0.898788,-0.006576
146,4866,True,0.9962,0.9962,0.574363,0.799213,0.0,0.532835,0.797822,-0.016721,0.499232,0.826554,-0.025076,0.479025,0.871072,-0.029224,0.473009,0.910727,-0.032424,0.529711,0.872145,-0.033939,0.509586,0.935917,-0.042371,0.495773,0.94813,-0.044101,0.487162,0.946538,-0.043655,0.555867,0.887595,-0.026391,0.530246,0.937661,-0.029985,0.519347,0.930278,-0.027021,0.518155,0.915087,-0.025754,0.57574,0.893775,-0.018568,0.550047,0.932949,-0.019245,0.542703,0.922121,-0.012844,0.543651,0.906589,-0.010202,0.58975,0.895754,-0.012006,0.566521,0.922046,-0.013439,0.558815,0.912836,-0.009628,0.559536,0.900259,-0.006848
147,4900,True,0.9962,0.9962,0.574119,0.799807,0.0,0.531936,0.798304,-0.015671,0.498275,0.828452,-0.023665,0.478705,0.87405,-0.027641,0.470961,0.914371,-0.030589,0.529267,0.871263,-0.033754,0.509333,0.937033,-0.042069,0.495282,0.948202,-0.043178,0.487272,0.944806,-0.042188,0.55572,0.886834,-0.026853,0.528385,0.938932,-0.030955,0.517378,0.930287,-0.027833,0.517812,0.913501,-0.026156,0.575619,0.893064,-0.019531,0.54845,0.934329,-0.020462,0.540925,0.922472,-0.013583,0.542966,0.905958,-0.010439,0.589562,0.894817,-0.013325,0.565039,0.921614,-0.014775,0.557639,0.91207,-0.010593,0.559481,0.899597,-0.007515
148,4933,True,0.9961,0.9961,0.573571,0.79908,0.0,0.531475,0.798711,-0.015127,0.498167,0.828672,-0.022729,0.478827,0.87468,-0.02659,0.471062,0.915023,-0.029478,0.528661,0.872203,-0.030894,0.509232,0.936956,-0.038613,0.496049,0.94703,-0.039727,0.488143,0.942708,-0.038834,0.554847,0.88694,-0.024192,0.528938,0.938211,-0.027377,0.518333,0.930566,-0.024463,0.517904,0.915291,-0.0231,0.57485,0.892503,-0.017188,0.549219,0.932545,-0.017343,0.541968,0.921709,-0.01087,0.543276,0.906244,-0.008189,0.589104,0.89382,-0.011328,0.565701,0.920156,-0.012166,0.55846,0.911007,-0.008054,0.559795,0.898647,-0.005106
149,4966,True,0.9958,0.9958,0.573962,0.798833,0.0,0.531344,0.798027,-0.015022,0.498387,0.828201,-0.022535,0.479201,0.874613,-0.026312,0.470933,0.914708,-0.029015,0.528938,0.872372,-0.030457,0.509372,0.936841,-0.038095,0.497179,0.945091,-0.039069,0.49063,0.939319,-0.038089,0.555139,0.887291,-0.023761,0.528722,0.936637,-0.027039,0.518616,0.927541,-0.024296,0.51883,0.911734,-0.02309,0.575073,0.892879,-0.016792,0.548734,0.932415,-0.017074,0.541578,0.921176,-0.010773,0.543144,0.90571,-0.008265,0.589198,0.894319,-0.01093,0.565187,0.9199,-0.011779,0.557974,0.91062,-0.007787,0.559396,0.898344,-0.004991
150,5000,True,0.9949,0.9949,0.574478,0.799227,0.0,0.531119,0.798047,-0.015289,0.497477,0.829193,-0.022736,0.478426,0.876062,-0.026373,0.469739,0.916412,-0.029001,0.528207,0.873541,-0.030751,0.508208,0.939286,-0.038416,0.494151,0.949202,-0.039434,0.486242,0.944237,-0.038529,0.55471,0.888854,-0.024055,0.52662,0.938583,-0.027982,0.516184,0.928,-0.025384,0.517269,0.910816,-0.024045,0.574828,0.894532,-0.017072,0.546898,0.935041,-0.017795,0.539373,0.922591,-0.011136,0.541532,0.906045,-0.008205,0.589154,0.895964,-0.011233,0.56413,0.922571,-0.012633,0.556678,0.91285,-0.008566,0.558458,0.900142,-0.005572
151,5033,True,0.9964,0.9964,0.574774,0.797982,0.0,0.532086,0.79808,-0.015671,0.498508,0.828225,-0.023346,0.478204,0.874947,-0.027028,0.470959,0.91542,-0.029653,0.528607,0.872226,-0.030354,0.50854,0.935589,-0.036991,0.497086,0.947316,-0.037427,0.490523,0.946246,-0.036247,0.55443,0.888317,-0.023007,0.528116,0.938447,-0.025059,0.517574,0.932559,-0.022061,0.516219,0.919322,-0.02082,0.574193,0.895618,-0.015353,0.547797,0.934794,-0.014762,0.540133,0.925562,-0.009154,0.540614,0.911359,-0.007183,0.587918,0.898799,-0.008831,0.563853,0.92476,-0.008906,0.556082,0.917245,-0.005312,0.556301,0.905911,-0.002888
152,5066,True,0.9959,0.9959,0.573771,0.79909,0.0,0.530454,0.798159,-0.015443,0.497301,0.828737,-0.023118,0.47806,0.87579,-0.026855,0.470569,0.916785,-0.029458,0.528681,0.872862,-0.031294,0.508975,0.937549,-0.038783,0.496701,0.945825,-0.039639,0.490732,0.940571,-0.03864,0.555134,0.887961,-0.024335,0.52687,0.936266,-0.02801,0.516861,0.925511,-0.025372,0.518469,0.908264,-0.024163,0.574939,0.893548,-0.017038,0.547066,0.933028,-0.017446,0.539873,0.921098,-0.011182,0.542324,0.904669,-0.008641,0.588564,0.895199,-0.01087,0.56382,0.921167,-0.01192,0.556751,0.911865,-0.008232,0.558679,0.899233,-0.005661
153,5100,True,0.9963,0.9963,0.573334,0.79935,0.0,0.530752,0.798812,-0.015248,0.497791,0.828603,-0.022862,0.478673,0.8751,-0.026622,0.471913,0.915426,-0.029367,0.528156,0.871619,-0.03143,0.509524,0.935714,-0.03892,0.498459,0.945575,-0.039896,0.49273,0.942059,-0.039061,0.554572,0.886838,-0.024666,0.528757,0.935852,-0.028056,0.519087,0.926649,-0.025379,0.519587,0.910186,-0.024272,0.574709,0.892696,-0.017541,0.548941,0.932171,-0.017734,0.542144,0.921187,-0.011573,0.54392,0.905142,-0.009216,0.588915,0.894435,-0.011537,0.565535,0.91997,-0.012337,0.55856,0.911074,-0.00864,0.559924,0.89854,-0.006138
154,5133,True,0.9965,0.9965,0.573736,0.800484,0.0,0.531042,0.799352,-0.016999,0.497515,0.829531,-0.025267,0.479003,0.875796,-0.029296,0.472224,0.916544,-0.03197,0.531797,0.872174,-0.033394,0.510795,0.936015,-0.042092,0.498069,0.946038,-0.043637,0.492146,0.942013,-0.042907,0.558521,0.887633,-0.025958,0.529078,0.936967,-0.031184,0.51836,0.92678,-0.029069,0.519768,0.90941,-0.027889,0.577538,0.893952,-0.018304,0.54826,0.934494,-0.020131,0.540798,0.922435,-0.013867,0.543355,0.90592,-0.010905,0.589935,0.896357,-0.011898,0.563768,0.923693,-0.013962,0.556521,0.914042,-0.010369,0.558614,0.901095,-0.007631
155,5166,True,0.9976,0.9976,0.576837,0.797886,0.0,0.53398,0.797204,-0.016679,0.499717,0.829231,-0.02433,0.481411,0.875572,-0.027798,0.474283,0.915467,-0.030041,0.533695,0.869521,-0.030621,0.514836,0.929817,-0.038664,0.504638,0.943305,-0.040606,0.500083,0.943732,-0.040496,0.559881,0.884236,-0.023399,0.53406,0.933599,-0.028335,0.523889,0.926376,-0.027149,0.52446,0.910844,-0.02664,0.578701,0.890859,-0.016052,0.552775,0.931792,-0.018075,0.545532,0.921715,-0.013189,0.547364,0.906324,-0.011037,0.591153,0.894046,-0.009888,0.567668,0.922642,-0.011905,0.560673,0.913945,-0.008968,0.562118,0.901262,-0.006763
156,5200,True,0.9963,0.9963,0.576429,0.798956,0.0,0.533394,0.796112,-0.01609,0.497801,0.828321,-0.024195,0.478913,0.875501,-0.028002,0.47207,0.916589,-0.031009,0.531291,0.868649,-0.032803,0.513475,0.931099,-0.04102,0.500048,0.949467,-0.04281,0.49232,0.952432,-0.042409,0.557684,0.884858,-0.02564,0.530206,0.932326,-0.030661,0.519927,0.922843,-0.028116,0.521488,0.905421,-0.026413,0.577129,0.891648,-0.018149,0.549431,0.930497,-0.019854,0.542183,0.918638,-0.013796,0.544739,0.902225,-0.010876,0.590497,0.894734,-0.011722,0.56561,0.920005,-0.013234,0.558103,0.910263,-0.009657,0.559978,0.89785,-0.007015
157,5233,True,0.9971,0.9971,0.576905,0.798784,0.0,0.535476,0.797753,-0.014879,0.499808,0.828769,-0.022122,0.480031,0.874171,-0.025504,0.47612,0.914006,-0.027899,0.532733,0.869182,-0.030317,0.514964,0.929462,-0.038286,0.502124,0.944082,-0.040061,0.495179,0.944559,-0.03933,0.557737,0.884064,-0.023683,0.531186,0.936477,-0.028266,0.518965,0.931832,-0.026672,0.518605,0.91626,-0.025274,0.576473,0.890636,-0.016599,0.550027,0.929346,-0.017869,0.541869,0.919886,-0.0131,0.543752,0.904176,-0.01065,0.58958,0.893349,-0.010492,0.565031,0.918519,-0.010844,0.557664,0.909212,-0.007175,0.559715,0.895947,-0.004358
158,5266,True,0.9967,0.9967,0.577716,0.797761,0.0,0.535676,0.796527,-0.015681,0.499384,0.828502,-0.023044,0.480179,0.875351,-0.026329,0.475262,0.91572,-0.028612,0.533859,0.866877,-0.031041,0.517046,0.926889,-0.039007,0.504613,0.942683,-0.040239,0.498181,0.944369,-0.039006,0.558752,0.881137,-0.023945,0.53331,0.933734,-0.028241,0.520304,0.93198,-0.026249,0.518348,0.918691,-0.024674,0.577233,0.887749,-0.016541,0.55143,0.92628,-0.017916,0.54239,0.918545,-0.013495,0.542939,0.904046,-0.011271,0.590117,0.890814,-0.010164,0.566134,0.915687,-0.010803,0.558001,0.907404,-0.007673,0.558856,0.894966,-0.005195
159,5300,True,0.9963,0.9963,0.576577,0.798806,0.0,0.534529,0.796699,-0.016411,0.497981,0.828898,-0.024523,0.478279,0.876378,-0.028168,0.473057,0.917741,-0.03105,0.532894,0.864508,-0.034194,0.517644,0.924573,-0.04229,0.505181,0.944815,-0.043279,0.498102,0.950585,-0.041859,0.558183,0.880387,-0.026737,0.533023,0.934522,-0.030794,0.518901,0.934971,-0.028157,0.515967,0.922299,-0.026148,0.577118,0.887749,-0.018807,0.55196,0.92714,-0.019546,0.542192,0.919827,-0.014807,0.542088,0.90489,-0.012516,0.590265,0.891388,-0.011947,0.567112,0.916432,-0.011921,0.558402,0.90904,-0.008703,0.558742,0.897087,-0.006318
160,5333,True,0.997,0.997,0.576587,0.801266,0.0,0.53316,0.796597,-0.017729,0.496044,0.828925,-0.027483,0.476619,0.87657,-0.032368,0.470912,0.91928,-0.036492,0.532153,0.868509,-0.038482,0.513577,0.933555,-0.048091,0.495346,0.951324,-0.050048,0.484379,0.950915,-0.049061,0.559318,0.885169,-0.030459,0.52858,0.934691,-0.037159,0.516193,0.924261,-0.034358,0.518577,0.904892,-0.031738,0.578677,0.892274,-0.021903,0.54859,0.931842,-0.023974,0.539112,0.919249,-0.017585,0.541993,0.901643,-0.014117,0.591492,0.895449,-0.014495,0.564824,0.920895,-0.015974,0.55583,0.910574,-0.012194,0.558441,0.896957,-0.009207
161,5366,True,0.9967,0.9967,0.576574,0.800501,0.0,0.533752,0.79748,-0.015152,0.498116,0.828843,-0.022027,0.478924,0.875343,-0.025214,0.472963,0.916214,-0.027441,0.53206,0.872541,-0.027905,0.514489,0.933207,-0.035615,0.500556,0.9471,-0.037695,0.492912,0.945797,-0.037419,0.557493,0.887289,-0.021239,0.53056,0.935845,-0.026065,0.518891,0.92857,-0.024897,0.519708,0.912124,-0.023943,0.57663,0.892787,-0.01445,0.550487,0.93087,-0.016164,0.542588,0.920364,-0.011452,0.544969,0.904516,-0.009123,0.590264,0.894799,-0.008703,0.56639,0.921097,-0.009897,0.558956,0.911569,-0.006565,0.561138,0.898047,-0.003957
162,5400,True,0.9972,0.9972,0.576459,0.799109,0.0,0.534361,0.79581,-0.017221,0.498077,0.828358,-0.025347,0.477583,0.875811,-0.029062,0.470911,0.917363,-0.031929,0.531318,0.871328,-0.033051,0.512175,0.931033,-0.041779,0.496258,0.949204,-0.044094,0.486069,0.952228,-0.043935,0.556978,0.888108,-0.025333,0.529464,0.936749,-0.030243,0.516966,0.931953,-0.028259,0.516009,0.9174,-0.026963,0.576104,0.89538,-0.01748,0.549017,0.932858,-0.019664,0.540508,0.923249,-0.014797,0.541862,0.907623,-0.012422,0.58931,0.898448,-0.01074,0.564828,0.923721,-0.012522,0.556738,0.914613,-0.009413,0.558258,0.901497,-0.006913
163,5433,True,0.9966,0.9966,0.574568,0.801292,0.0,0.532494,0.797132,-0.016111,0.496244,0.828348,-0.024049,0.475903,0.87585,-0.027771,0.470897,0.917684,-0.030741,0.529618,0.871347,-0.033186,0.510637,0.933193,-0.041568,0.494618,0.951811,-0.043534,0.484551,0.955688,-0.04334,0.555481,0.888075,-0.026218,0.52687,0.938376,-0.031383,0.514263,0.93279,-0.029351,0.513805,0.918121,-0.02811,0.574689,0.895096,-0.018874,0.546442,0.935532,-0.02096,0.537222,0.925852,-0.015427,0.538663,0.910109,-0.012787,0.588011,0.898315,-0.01256,0.562468,0.925241,-0.014228,0.554071,0.916331,-0.010646,0.555946,0.903271,-0.00797
164,5466,True,0.9966,0.9966,0.575112,0.799186,0.0,0.533553,0.796432,-0.014958,0.49753,0.827539,-0.021898,0.476755,0.873656,-0.025227,0.471416,0.914075,-0.027698,0.529585,0.872034,-0.027643,0.511001,0.931572,-0.035204,0.497627,0.946879,-0.037149,0.490114,0.948015,-0.036974,0.554808,0.887561,-0.021208,0.527895,0.935081,-0.025648,0.516669,0.928325,-0.024341,0.516931,0.91334,-0.023579,0.57389,0.893971,-0.014665,0.547719,0.932058,-0.016425,0.540167,0.922093,-0.011736,0.54234,0.906637,-0.009563,0.587298,0.8968,-0.00912,0.563454,0.923236,-0.010307,0.556347,0.914069,-0.006851,0.558553,0.900719,-0.004265
165,5500,True,0.9965,0.9965,0.573917,0.798519,0.0,0.532139,0.797383,-0.015348,0.495696,0.828942,-0.022974,0.47557,0.876057,-0.026599,0.469208,0.917248,-0.029445,0.529811,0.869694,-0.031352,0.512203,0.929018,-0.039337,0.498703,0.94638,-0.041056,0.490702,0.949685,-0.040717,0.555739,0.885624,-0.024697,0.528796,0.932661,-0.029216,0.517547,0.925448,-0.027219,0.517572,0.909856,-0.026195,0.574579,0.892523,-0.01771,0.547654,0.930316,-0.019282,0.539931,0.920232,-0.013893,0.541798,0.904462,-0.011487,0.587461,0.895847,-0.011719,0.562838,0.921596,-0.012781,0.55542,0.912316,-0.009147,0.557375,0.899313,-0.006569
166,5533,True,0.997,0.997,0.574752,0.798398,0.0,0.532366,0.796898,-0.01632,0.495145,0.829058,-0.024403,0.475007,0.875768,-0.028406,0.470283,0.916915,-0.031604,0.529895,0.865014,-0.032847,0.512849,0.923559,-0.042794,0.500741,0.943515,-0.046239,0.494493,0.949745,-0.046886,0.555818,0.881241,-0.026531,0.528923,0.930086,-0.033968,0.517937,0.92345,-0.033513,0.518781,0.907644,-0.032833,0.574844,0.889597,-0.019985,0.546771,0.928374,-0.023783,0.539321,0.918421,-0.018758,0.541835,0.902786,-0.015869,0.587888,0.894552,-0.01455,0.561629,0.921196,-0.016809,0.554523,0.911674,-0.013235,0.557013,0.89841,-0.010381
167,5566,True,0.9964,0.9964,0.574559,0.798229,0.0,0.532228,0.79487,-0.016708,0.495581,0.827354,-0.02481,0.475681,0.875259,-0.028494,0.470084,0.916713,-0.031328,0.530183,0.867997,-0.032941,0.512818,0.927244,-0.041551,0.50091,0.944691,-0.043901,0.494992,0.948026,-0.043802,0.556539,0.884096,-0.025406,0.53153,0.927157,-0.030261,0.521508,0.917266,-0.028264,0.522588,0.900592,-0.027121,0.575982,0.890729,-0.017627,0.550322,0.9253,-0.0191,0.543192,0.914013,-0.013574,0.545319,0.898527,-0.011093,0.589226,0.894016,-0.011008,0.565517,0.915834,-0.011855,0.55855,0.906118,-0.00841,0.560489,0.893861,-0.005994
168,5600,True,0.9963,0.9963,0.576578,0.798676,0.0,0.534108,0.796047,-0.016736,0.497463,0.827149,-0.024602,0.478419,0.874094,-0.028106,0.473467,0.915099,-0.030899,0.530425,0.868292,-0.032208,0.512996,0.928758,-0.041353,0.499885,0.948792,-0.044754,0.492282,0.95412,-0.045449,0.55666,0.883851,-0.024852,0.531233,0.931574,-0.030575,0.520382,0.924363,-0.029556,0.520516,0.907655,-0.028869,0.576146,0.890569,-0.017302,0.550739,0.929184,-0.019344,0.542998,0.919623,-0.014276,0.544788,0.903655,-0.011892,0.589616,0.89362,-0.010961,0.566424,0.919522,-0.01263,0.559069,0.910968,-0.009515,0.560652,0.898458,-0.007109
169,5633,True,0.9971,0.9971,0.577761,0.79889,0.0,0.535549,0.795571,-0.014829,0.499533,0.825914,-0.021744,0.480321,0.872285,-0.02509,0.474848,0.912573,-0.027249,0.531689,0.867657,-0.027242,0.515078,0.928554,-0.035768,0.50239,0.941538,-0.038419,0.496662,0.939271,-0.038331,0.557262,0.883023,-0.021227,0.530756,0.933665,-0.027655,0.519494,0.925402,-0.027639,0.52124,0.90743,-0.026989,0.57645,0.890288,-0.015103,0.550031,0.930985,-0.017637,0.54186,0.920804,-0.013245,0.544667,0.904447,-0.0108,0.589918,0.893914,-0.010054,0.565355,0.921142,-0.011571,0.558614,0.912177,-0.008401,0.561467,0.899222,-0.005786
170,5666,True,0.9979,0.9979,0.578838,0.800505,0.0,0.536949,0.795437,-0.014111,0.500312,0.824931,-0.021106,0.47983,0.871251,-0.024861,0.475577,0.911613,-0.02761,0.530983,0.864521,-0.027865,0.511714,0.927369,-0.037104,0.497452,0.940254,-0.03985,0.490625,0.937884,-0.039588,0.556145,0.88095,-0.02254,0.527207,0.935309,-0.02991,0.515401,0.929068,-0.030053,0.517428,0.912702,-0.02908,0.575353,0.889799,-0.016959,0.547078,0.93149,-0.020318,0.539374,0.921539,-0.015721,0.543061,0.905687,-0.012715,0.589072,0.895192,-0.012345,0.562472,0.922803,-0.014155,0.556265,0.912887,-0.010385,0.56035,0.899327,-0.007083
171,5700,True,0.997,0.997,0.577334,0.799561,0.0,0.535049,0.794745,-0.015277,0.499961,0.825455,-0.022634,0.480473,0.872354,-0.026195,0.473238,0.913163,-0.028671,0.533033,0.869075,-0.029197,0.514626,0.931419,-0.036797,0.501256,0.946185,-0.037998,0.495037,0.945559,-0.036878,0.558778,0.884938,-0.022379,0.52983,0.933212,-0.027135,0.518553,0.924754,-0.025196,0.520429,0.908114,-0.023585,0.577806,0.891567,-0.015349,0.548931,0.930194,-0.01655,0.540755,0.919886,-0.011234,0.543648,0.904357,-0.008644,0.590568,0.89476,-0.009397,0.564414,0.919731,-0.010197,0.556975,0.910574,-0.006701,0.559856,0.898217,-0.004049
172,5733,True,0.9976,0.9976,0.57902,0.800189,0.0,0.535661,0.795059,-0.016702,0.499676,0.82643,-0.024571,0.480565,0.873183,-0.028237,0.475535,0.914581,-0.030506,0.534155,0.868769,-0.03266,0.513752,0.934988,-0.042614,0.497745,0.944278,-0.045709,0.490314,0.938044,-0.045816,0.561204,0.885276,-0.02571,0.531273,0.934807,-0.032839,0.520642,0.921718,-0.03186,0.524616,0.903062,-0.030947,0.580379,0.892915,-0.018617,0.551274,0.934171,-0.021285,0.543247,0.920188,-0.01472,0.547588,0.903122,-0.011286,0.59284,0.896995,-0.012873,0.566654,0.925095,-0.01553,0.559422,0.913445,-0.011571,0.563321,0.899611,-0.008393
173,5766,True,0.9966,0.9966,0.578277,0.799084,0.0,0.535121,0.795903,-0.017185,0.498823,0.827828,-0.025037,0.479535,0.875254,-0.028441,0.473174,0.915977,-0.030838,0.532948,0.8712,-0.033552,0.512797,0.934372,-0.042396,0.497837,0.94883,-0.044895,0.488508,0.949235,-0.045129,0.559889,0.887888,-0.026072,0.531332,0.936242,-0.031672,0.5201,0.928484,-0.030216,0.52018,0.913053,-0.029592,0.579262,0.895409,-0.018336,0.550759,0.935231,-0.020502,0.542661,0.925149,-0.01505,0.544216,0.909817,-0.012634,0.591867,0.899134,-0.011846,0.566578,0.927397,-0.014012,0.558518,0.919232,-0.010717,0.559532,0.907206,-0.008199
174,5800,True,0.9974,0.9974,0.577295,0.797813,0.0,0.534197,0.795281,-0.016822,0.498164,0.827134,-0.02474,0.478743,0.874012,-0.028365,0.471068,0.914817,-0.030867,0.531539,0.868627,-0.032942,0.512535,0.933323,-0.04198,0.497545,0.945423,-0.044424,0.488379,0.942336,-0.044389,0.558486,0.885379,-0.025575,0.531092,0.935139,-0.031082,0.519927,0.926638,-0.029359,0.520172,0.909978,-0.028431,0.578072,0.893166,-0.018032,0.55008,0.933043,-0.019892,0.542191,0.922014,-0.014143,0.543859,0.905818,-0.011466,0.590932,0.897135,-0.011761,0.566141,0.924383,-0.013786,0.557998,0.915697,-0.010525,0.558938,0.903498,-0.007949
175,5833,True,0.9968,0.9968,0.575751,0.797432,0.0,0.534294,0.79541,-0.017835,0.49884,0.826909,-0.026529,0.478436,0.873231,-0.030412,0.469388,0.913652,-0.033509,0.530536,0.869954,-0.03605,0.51086,0.931585,-0.044629,0.496705,0.948519,-0.04637,0.48728,0.95213,-0.046007,0.556628,0.88677,-0.027656,0.529895,0.933667,-0.031047,0.51799,0.928865,-0.027682,0.515308,0.916152,-0.026372,0.576046,0.894224,-0.019022,0.548373,0.931367,-0.020001,0.540492,0.922038,-0.014201,0.540526,0.907703,-0.011958,0.588787,0.89785,-0.011592,0.564195,0.923741,-0.012996,0.555855,0.915665,-0.009725,0.555672,0.904321,-0.007452
176,5866,True,0.9967,0.9967,0.575305,0.79688,0.0,0.534069,0.794516,-0.016786,0.497985,0.826127,-0.025157,0.477411,0.872146,-0.02911,0.469151,0.91281,-0.03231,0.529233,0.868689,-0.033871,0.5094,0.931013,-0.042236,0.49563,0.949304,-0.044104,0.486814,0.953909,-0.043888,0.55531,0.885392,-0.026292,0.528291,0.932613,-0.030306,0.517164,0.92662,-0.027549,0.515812,0.912611,-0.026435,0.574871,0.8931,-0.018476,0.546889,0.931709,-0.019826,0.539321,0.921981,-0.014188,0.54031,0.907042,-0.011967,0.587967,0.897546,-0.011791,0.562863,0.923975,-0.013226,0.554719,0.915343,-0.009856,0.555444,0.903383,-0.007528
177,5900,True,0.9963,0.9963,0.573449,0.798574,0.0,0.531022,0.795229,-0.017528,0.496285,0.826093,-0.026217,0.476406,0.873715,-0.030295,0.467325,0.915772,-0.033505,0.527865,0.873151,-0.034406,0.506859,0.936065,-0.042033,0.492409,0.950155,-0.042888,0.483575,0.950156,-0.041976,0.554228,0.889902,-0.026128,0.524814,0.934336,-0.029571,0.513314,0.924747,-0.026353,0.512857,0.908482,-0.024868,0.573798,0.895782,-0.017566,0.544264,0.932066,-0.018485,0.536182,0.920393,-0.012695,0.537324,0.9044,-0.010454,0.586852,0.897938,-0.010145,0.561171,0.922436,-0.011729,0.552828,0.912532,-0.008531,0.553829,0.899643,-0.00626
178,5933,True,0.996,0.996,0.574377,0.797503,0.0,0.530345,0.795745,-0.018251,0.495049,0.828033,-0.02699,0.474943,0.875792,-0.030944,0.46694,0.91826,-0.033774,0.529305,0.872898,-0.035692,0.508227,0.937442,-0.044026,0.491442,0.949512,-0.045242,0.480717,0.947517,-0.044527,0.555592,0.888932,-0.027314,0.525785,0.938391,-0.031657,0.512364,0.929658,-0.028841,0.510489,0.913512,-0.027509,0.574494,0.895265,-0.018682,0.544878,0.935801,-0.020296,0.534432,0.924939,-0.014607,0.534004,0.909121,-0.012256,0.586742,0.897738,-0.011298,0.56077,0.925962,-0.013835,0.550806,0.916906,-0.010883,0.550623,0.903867,-0.008604
179,5966,True,0.9967,0.9967,0.576251,0.796624,0.0,0.531984,0.795426,-0.017171,0.495654,0.826541,-0.026042,0.475217,0.873866,-0.030328,0.471324,0.916217,-0.033505,0.530161,0.868105,-0.036358,0.509336,0.934189,-0.045622,0.491383,0.948633,-0.047712,0.47986,0.949301,-0.047453,0.556895,0.884922,-0.028985,0.526563,0.938795,-0.035249,0.514352,0.927898,-0.033029,0.515476,0.909319,-0.031447,0.576009,0.892651,-0.021064,0.546223,0.936767,-0.023162,0.536932,0.924189,-0.016263,0.539207,0.906423,-0.012679,0.588528,0.89634,-0.014429,0.562389,0.926784,-0.016543,0.553745,0.916764,-0.012432,0.555774,0.902995,-0.009238
180,6000,True,0.9972,0.9972,0.57597,0.798283,0.0,0.533344,0.797085,-0.016211,0.498229,0.82531,-0.024458,0.477651,0.870112,-0.028691,0.471384,0.911312,-0.031916,0.530664,0.872039,-0.031985,0.508482,0.935133,-0.040705,0.493646,0.94645,-0.04304,0.484866,0.944679,-0.042962,0.556711,0.887558,-0.024905,0.528093,0.939014,-0.029431,0.516106,0.931691,-0.027703,0.515468,0.916351,-0.026958,0.575769,0.893933,-0.017512,0.548946,0.935605,-0.018771,0.540255,0.925509,-0.013104,0.541332,0.909573,-0.010556,0.58855,0.89636,-0.011321,0.565374,0.925715,-0.013042,0.557438,0.917218,-0.009517,0.55871,0.903998,-0.006731
181,6033,True,0.9974,0.9974,0.578254,0.795446,0.0,0.536115,0.794654,-0.014482,0.500304,0.824425,-0.021725,0.479755,0.86934,-0.025451,0.471992,0.909728,-0.028354,0.529942,0.867509,-0.027421,0.50935,0.929076,-0.034661,0.495124,0.944817,-0.036209,0.485859,0.946577,-0.035651,0.554754,0.882852,-0.021049,0.528707,0.937872,-0.024087,0.515449,0.938499,-0.022512,0.51164,0.927518,-0.021752,0.573945,0.890029,-0.014389,0.549461,0.933313,-0.014848,0.53931,0.927914,-0.010456,0.53796,0.914329,-0.008719,0.587542,0.893186,-0.00874,0.565721,0.922575,-0.009407,0.557242,0.916051,-0.006032,0.557053,0.903826,-0.003443
182,6066,True,0.9976,0.9976,0.57867,0.795767,0.0,0.53697,0.79581,-0.015248,0.500619,0.824687,-0.02245,0.479757,0.869313,-0.025934,0.47221,0.909652,-0.028523,0.532984,0.867259,-0.027449,0.514084,0.926467,-0.03422,0.501322,0.94466,-0.035643,0.493275,0.949848,-0.035015,0.557591,0.882906,-0.020352,0.531612,0.933484,-0.023109,0.518188,0.93347,-0.021435,0.514573,0.92227,-0.02051,0.576029,0.890354,-0.013031,0.550764,0.927688,-0.01304,0.541271,0.922148,-0.008862,0.540219,0.90903,-0.007171,0.588402,0.893807,-0.006807,0.565648,0.917622,-0.006377,0.557683,0.910677,-0.003004,0.557807,0.898657,-0.000481
183,6100,True,0.9973,0.9973,0.579509,0.797111,0.0,0.538403,0.793677,-0.014162,0.501555,0.823791,-0.021266,0.48013,0.869971,-0.024827,0.474928,0.910394,-0.027702,0.530526,0.860077,-0.029076,0.510846,0.921203,-0.036761,0.4972,0.939861,-0.037881,0.489536,0.943909,-0.036683,0.55498,0.876856,-0.023014,0.528715,0.931537,-0.026809,0.515134,0.934616,-0.024994,0.512037,0.925798,-0.023726,0.574479,0.886392,-0.016584,0.549351,0.926358,-0.017487,0.539749,0.921327,-0.013008,0.539501,0.907717,-0.010928,0.588843,0.89227,-0.011097,0.565058,0.917223,-0.011231,0.556947,0.91009,-0.007674,0.557813,0.897559,-0.004958
184,6133,True,0.9974,0.9974,0.578938,0.79902,0.0,0.537296,0.792308,-0.017821,0.501033,0.822239,-0.026203,0.480955,0.869265,-0.0295,0.473156,0.910431,-0.031973,0.535317,0.865354,-0.037623,0.515014,0.928422,-0.04538,0.498331,0.946071,-0.046472,0.487617,0.948777,-0.045784,0.561611,0.883528,-0.028966,0.533814,0.926351,-0.033016,0.522528,0.916623,-0.029474,0.52285,0.899841,-0.027717,0.580192,0.890606,-0.019764,0.55279,0.924761,-0.020343,0.544586,0.914085,-0.013974,0.546075,0.898739,-0.011475,0.59196,0.893393,-0.011779,0.567572,0.915175,-0.012694,0.5598,0.905595,-0.009142,0.561761,0.89321,-0.006817
185,6166,True,0.9984,0.9984,0.580406,0.799072,0.0,0.538268,0.793555,-0.016397,0.502493,0.823986,-0.02374,0.482657,0.870439,-0.026723,0.476479,0.910951,-0.028665,0.534686,0.864842,-0.032719,0.515974,0.929855,-0.040943,0.501666,0.943139,-0.042766,0.493291,0.941438,-0.04246,0.560816,0.881819,-0.025174,0.533624,0.927907,-0.029894,0.523353,0.918363,-0.027699,0.524495,0.901959,-0.026691,0.579868,0.889513,-0.017379,0.552315,0.926567,-0.018661,0.545498,0.915457,-0.012826,0.548084,0.899727,-0.010416,0.592438,0.89363,-0.010799,0.567795,0.918104,-0.012431,0.561276,0.908105,-0.009165,0.563644,0.895209,-0.006855
186,6200,True,0.9974,0.9974,0.578621,0.798848,0.0,0.536624,0.794807,-0.017315,0.501868,0.823921,-0.025429,0.482866,0.870038,-0.028881,0.4753,0.910526,-0.030946,0.536545,0.866722,-0.035284,0.51595,0.931557,-0.043635,0.501269,0.940123,-0.044644,0.493712,0.935073,-0.043675,0.562665,0.883921,-0.027276,0.532961,0.930534,-0.032183,0.52224,0.917236,-0.029288,0.524349,0.899066,-0.02776,0.581146,0.891184,-0.018913,0.551539,0.929278,-0.020425,0.5441,0.915333,-0.013467,0.547379,0.898348,-0.010172,0.593128,0.894429,-0.011809,0.567458,0.920758,-0.013924,0.560228,0.909623,-0.010147,0.563074,0.896225,-0.007322
187,6233,True,0.9985,0.9985,0.580615,0.799763,0.0,0.536821,0.793726,-0.017536,0.500976,0.823474,-0.026123,0.480504,0.869329,-0.030192,0.473343,0.91042,-0.033002,0.535181,0.864307,-0.035613,0.513774,0.932003,-0.044388,0.497402,0.945272,-0.045548,0.488055,0.942694,-0.044412,0.561232,0.881707,-0.02761,0.531424,0.932226,-0.032959,0.520006,0.922577,-0.029898,0.521226,0.905622,-0.027851,0.579528,0.890101,-0.019321,0.548989,0.930006,-0.021112,0.54144,0.917289,-0.014523,0.544163,0.900849,-0.011235,0.590975,0.894802,-0.01232,0.563868,0.920972,-0.014497,0.556284,0.910878,-0.011116,0.558277,0.898167,-0.008431
188,6266,True,0.9985,0.9985,0.5782,0.798035,0.0,0.535539,0.793858,-0.016394,0.499946,0.823425,-0.024056,0.480399,0.869894,-0.027262,0.472955,0.910919,-0.029113,0.533234,0.866128,-0.033878,0.513444,0.932786,-0.042065,0.498398,0.942945,-0.043034,0.490259,0.938176,-0.041912,0.559394,0.883167,-0.026179,0.529995,0.931985,-0.03108,0.518792,0.921162,-0.028512,0.520057,0.903743,-0.027054,0.577885,0.891041,-0.018078,0.549433,0.929839,-0.019228,0.541542,0.918,-0.01302,0.543847,0.901854,-0.010278,0.589823,0.895071,-0.0112,0.563917,0.920071,-0.012861,0.556673,0.909875,-0.009582,0.558919,0.897297,-0.007163
189,6300,True,0.9988,0.9988,0.579009,0.796001,0.0,0.535607,0.792701,-0.015528,0.500777,0.822843,-0.022727,0.479749,0.869406,-0.025852,0.472284,0.910703,-0.027828,0.533462,0.86542,-0.030719,0.513071,0.930284,-0.03827,0.499188,0.940278,-0.03967,0.491251,0.936122,-0.038942,0.55885,0.881397,-0.023165,0.532247,0.932379,-0.026374,0.520541,0.925496,-0.02414,0.51944,0.910429,-0.023221,0.577224,0.888498,-0.015271,0.55128,0.92804,-0.015344,0.543157,0.918152,-0.010124,0.543931,0.903093,-0.0082,0.588982,0.892019,-0.00851,0.565481,0.918032,-0.009246,0.558081,0.908957,-0.006152,0.559134,0.896176,-0.003949
190,6333,True,0.9977,0.9977,0.578282,0.797496,0.0,0.534772,0.792959,-0.016366,0.49877,0.823155,-0.023935,0.478326,0.870391,-0.027066,0.473169,0.910797,-0.028847,0.533554,0.867668,-0.033874,0.513446,0.932081,-0.042253,0.499468,0.939172,-0.04351,0.493081,0.932258,-0.042435,0.559513,0.883907,-0.025976,0.531561,0.932268,-0.030075,0.520379,0.921608,-0.027462,0.521499,0.904608,-0.026222,0.577783,0.890571,-0.017674,0.550783,0.928025,-0.018228,0.542787,0.916405,-0.012296,0.545087,0.900217,-0.009875,0.589822,0.893107,-0.010572,0.565703,0.918022,-0.011483,0.558419,0.907874,-0.008075,0.560599,0.894437,-0.005708
191,6366,True,0.9979,0.9979,0.577861,0.799446,0.0,0.534757,0.795446,-0.017279,0.49916,0.823966,-0.025575,0.478671,0.870234,-0.02928,0.472314,0.911731,-0.031889,0.532433,0.866247,-0.035645,0.511874,0.93189,-0.044351,0.496048,0.943134,-0.046023,0.486299,0.940463,-0.045519,0.55876,0.883179,-0.027644,0.530354,0.93297,-0.032564,0.518743,0.923387,-0.030156,0.518815,0.906771,-0.028947,0.577698,0.89075,-0.019198,0.550062,0.929968,-0.02026,0.542122,0.918424,-0.013907,0.543917,0.902037,-0.011069,0.590203,0.894246,-0.012065,0.566111,0.920615,-0.013853,0.558337,0.911206,-0.010518,0.559746,0.898261,-0.007961
192,6400,True,0.9982,0.9982,0.577229,0.797096,0.0,0.534814,0.794093,-0.017055,0.499155,0.823886,-0.02506,0.479772,0.870897,-0.028277,0.471105,0.911844,-0.030504,0.531534,0.866233,-0.034884,0.513076,0.930098,-0.042146,0.499205,0.944004,-0.042797,0.490222,0.943722,-0.041877,0.557756,0.883225,-0.026693,0.531078,0.93098,-0.030419,0.519894,0.921758,-0.027457,0.519041,0.904292,-0.026036,0.576981,0.890628,-0.018005,0.550334,0.928343,-0.018458,0.542825,0.917067,-0.012491,0.543856,0.900415,-0.010087,0.589846,0.893688,-0.01051,0.566665,0.918829,-0.011772,0.559062,0.909633,-0.008731,0.559645,0.896817,-0.006573
193,6433,True,0.998,0.998,0.57755,0.796586,0.0,0.535282,0.794814,-0.0164,0.499852,0.824117,-0.023811,0.480278,0.870715,-0.026968,0.472847,0.910885,-0.028907,0.532816,0.866856,-0.030433,0.515635,0.927906,-0.037809,0.505461,0.937435,-0.039098,0.50037,0.933259,-0.038461,0.558732,0.882703,-0.02283,0.534202,0.929557,-0.026611,0.524472,0.920342,-0.024851,0.524333,0.903341,-0.024197,0.578013,0.889622,-0.015052,0.552981,0.927343,-0.01575,0.546478,0.916567,-0.010594,0.547824,0.900541,-0.008568,0.591239,0.892498,-0.00847,0.568857,0.917698,-0.009406,0.562241,0.909131,-0.006385,0.563064,0.896708,-0.004253
194,6466,True,0.9977,0.9977,0.576916,0.798097,0.0,0.534992,0.794147,-0.017407,0.499496,0.823978,-0.025484,0.480251,0.870238,-0.029074,0.472011,0.910915,-0.031651,0.533253,0.866951,-0.032522,0.514799,0.928172,-0.04052,0.501611,0.94098,-0.042126,0.4938,0.939012,-0.041479,0.558892,0.882622,-0.024205,0.53319,0.929834,-0.027852,0.521469,0.923735,-0.025722,0.519691,0.908853,-0.024784,0.577671,0.889463,-0.015745,0.551408,0.926393,-0.016669,0.543493,0.916937,-0.011946,0.543767,0.902413,-0.01013,0.590133,0.892583,-0.008453,0.566556,0.917622,-0.009648,0.55886,0.90926,-0.006919,0.559253,0.897243,-0.004901
195,6500,True,0.9977,0.9977,0.577705,0.798233,0.0,0.535193,0.794822,-0.016294,0.499486,0.824269,-0.023142,0.480717,0.870246,-0.025879,0.473028,0.909837,-0.027565,0.532016,0.866646,-0.02885,0.516762,0.924941,-0.03615,0.506171,0.936224,-0.037944,0.500009,0.933249,-0.037698,0.557681,0.881684,-0.021374,0.535701,0.928951,-0.024927,0.525479,0.923756,-0.023679,0.523733,0.908873,-0.023396,0.576819,0.888349,-0.01387,0.553731,0.926249,-0.014702,0.546346,0.918332,-0.010523,0.546181,0.904113,-0.009061,0.590051,0.890999,-0.007542,0.569051,0.917172,-0.00861,0.56193,0.910494,-0.0061,0.561725,0.899327,-0.004304
196,6533,True,0.9977,0.9977,0.575664,0.799821,0.0,0.533197,0.79428,-0.01776,0.498268,0.823393,-0.025885,0.479579,0.869615,-0.029266,0.470982,0.910816,-0.031855,0.530993,0.867718,-0.033795,0.51198,0.929935,-0.04126,0.497634,0.94634,-0.042604,0.488068,0.948249,-0.041886,0.557558,0.883908,-0.025284,0.531373,0.934655,-0.028047,0.518363,0.931996,-0.025309,0.514904,0.918656,-0.024076,0.577057,0.889675,-0.016498,0.550277,0.929648,-0.016328,0.540877,0.921962,-0.011233,0.539618,0.90812,-0.009488,0.589798,0.891245,-0.008956,0.566364,0.917168,-0.009592,0.557921,0.910466,-0.006724,0.557364,0.899707,-0.004777
197,6566,True,0.9983,0.9983,0.577682,0.798812,0.0,0.534597,0.794164,-0.016426,0.49961,0.823523,-0.023856,0.480578,0.870266,-0.026875,0.473124,0.910766,-0.028978,0.531677,0.86857,-0.031638,0.514144,0.929633,-0.038675,0.50148,0.940729,-0.039954,0.493599,0.938064,-0.039466,0.557668,0.884301,-0.023796,0.53253,0.930968,-0.026581,0.522045,0.923763,-0.024091,0.521157,0.908591,-0.023252,0.577158,0.890188,-0.015643,0.551583,0.927083,-0.015459,0.544262,0.917307,-0.010154,0.544955,0.902179,-0.00842,0.590487,0.8918,-0.008674,0.567708,0.915821,-0.009361,0.560468,0.907167,-0.006419,0.560939,0.89482,-0.004481
198,6600,True,0.9982,0.9982,0.576795,0.797934,0.0,0.534019,0.79485,-0.016955,0.498879,0.8239,-0.024418,0.479678,0.869718,-0.027459,0.472801,0.91045,-0.029678,0.533465,0.871108,-0.03106,0.515569,0.928825,-0.037794,0.502653,0.941756,-0.039293,0.493933,0.94145,-0.039096,0.559493,0.886077,-0.022958,0.535138,0.931767,-0.025188,0.523496,0.926569,-0.022962,0.520552,0.912647,-0.02256,0.57882,0.890768,-0.014628,0.553889,0.927085,-0.014527,0.545596,0.918613,-0.009806,0.54488,0.903956,-0.008462,0.591989,0.891069,-0.007485,0.570434,0.916036,-0.008207,0.562444,0.908421,-0.005453,0.562006,0.895958,-0.003676
199,6633,True,0.9985,0.9985,0.578722,0.798875,0.0,0.535633,0.793676,-0.017552,0.500279,0.823067,-0.025378,0.480991,0.869393,-0.028557,0.474143,0.910213,-0.030869,0.53283,0.868292,-0.033437,0.51424,0.930051,-0.041068,0.500117,0.942206,-0.042523,0.490871,0.940102,-0.041938,0.558723,0.884123,-0.024823,0.534533,0.931378,-0.027459,0.522554,0.926762,-0.024818,0.519083,0.913491,-0.024044,0.577962,0.890487,-0.016007,0.553143,0.92715,-0.016071,0.54453,0.918668,-0.011403,0.543239,0.904628,-0.010109,0.590924,0.892754,-0.008398,0.569257,0.917459,-0.009325,0.560795,0.909667,-0.006803,0.559873,0.897589,-0.005131
200,6666,True,0.9983,0.9983,0.578258,0.797279,0.0,0.535496,0.794084,-0.016627,0.499783,0.823887,-0.023731,0.480336,0.870027,-0.026497,0.473019,0.910772,-0.028272,0.534646,0.872527,-0.029479,0.516611,0.929147,-0.035931,0.503864,0.939509,-0.037259,0.495886,0.93667,-0.036974,0.560216,0.887513,-0.02137,0.535468,0.928847,-0.023595,0.524261,0.920676,-0.021538,0.522256,0.905606,-0.021216,0.578987,0.892169,-0.013117,0.554135,0.92514,-0.013293,0.546343,0.91529,-0.008789,0.54625,0.900323,-0.007473,0.591739,0.892697,-0.005995,0.569563,0.916072,-0.006833,0.562051,0.907128,-0.004117,0.562264,0.893849,-0.002306
201,6700,True,0.9983,0.9983,0.578777,0.799786,0.0,0.536186,0.793791,-0.018575,0.500749,0.823346,-0.027248,0.48042,0.869586,-0.031019,0.472544,0.910872,-0.033765,0.534004,0.869613,-0.035708,0.512805,0.932652,-0.04402,0.496428,0.94457,-0.045387,0.486303,0.941757,-0.044446,0.55969,0.885859,-0.026621,0.531565,0.932658,-0.030033,0.518352,0.927728,-0.027049,0.515462,0.914658,-0.025731,0.578295,0.892599,-0.017366,0.550094,0.928077,-0.018336,0.540684,0.918838,-0.013542,0.539842,0.904881,-0.011874,0.590341,0.895389,-0.009333,0.565436,0.918903,-0.011036,0.556443,0.910063,-0.008505,0.556054,0.897778,-0.006582
202,6733,True,0.9985,0.9985,0.57852,0.797494,0.0,0.536518,0.794126,-0.016859,0.501455,0.82365,-0.024126,0.48101,0.869539,-0.026873,0.473812,0.91025,-0.028489,0.534604,0.87121,-0.031105,0.514377,0.932261,-0.037378,0.500698,0.942595,-0.037915,0.492274,0.93922,-0.036872,0.559914,0.88671,-0.02255,0.534271,0.933087,-0.024146,0.522127,0.928043,-0.021459,0.519048,0.914878,-0.020788,0.578547,0.892474,-0.01374,0.552839,0.92822,-0.013171,0.54408,0.919682,-0.00877,0.542968,0.905733,-0.007762,0.590709,0.894037,-0.00606,0.568015,0.918553,-0.006568,0.559976,0.910293,-0.00396,0.559475,0.897615,-0.002296
203,6766,True,0.9979,0.9979,0.579418,0.79797,0.0,0.537225,0.793477,-0.016395,0.50226,0.821752,-0.024188,0.481972,0.866304,-0.027677,0.475265,0.906466,-0.029934,0.534424,0.868731,-0.032175,0.51442,0.932357,-0.039553,0.500854,0.942093,-0.040462,0.493632,0.937938,-0.039397,0.559818,0.885137,-0.024378,0.532186,0.931654,-0.027786,0.521701,0.921957,-0.025165,0.522592,0.905379,-0.024003,0.578693,0.892216,-0.016275,0.55094,0.92898,-0.016773,0.544033,0.917026,-0.011187,0.546364,0.901235,-0.009029,0.591465,0.895351,-0.009314,0.566873,0.920428,-0.010323,0.560133,0.910248,-0.006921,0.562088,0.897123,-0.004537
204,6800,True,0.9973,0.9973,0.578717,0.79625,0.0,0.536342,0.792698,-0.016262,0.501723,0.821436,-0.02359,0.48195,0.867516,-0.026729,0.473863,0.907675,-0.028228,0.534491,0.869416,-0.029338,0.515107,0.931326,-0.036207,0.503894,0.934536,-0.036576,0.499461,0.925157,-0.035148,0.559691,0.886136,-0.021547,0.532358,0.931045,-0.024366,0.522412,0.918698,-0.021895,0.524245,0.901335,-0.020909,0.578331,0.892584,-0.013686,0.550992,0.928716,-0.014058,0.544338,0.915461,-0.008619,0.547149,0.899142,-0.006528,0.590978,0.89502,-0.006962,0.566139,0.920009,-0.008033,0.559745,0.909161,-0.004778,0.562085,0.895524,-0.002467
205,6833,True,0.9968,0.9968,0.578965,0.796187,0.0,0.536561,0.791903,-0.015497,0.50245,0.820941,-0.023174,0.482722,0.866723,-0.026812,0.474579,0.90661,-0.028751,0.535428,0.869358,-0.030017,0.514848,0.931646,-0.03757,0.503132,0.93344,-0.038079,0.4992,0.923105,-0.036484,0.56053,0.886005,-0.022605,0.530966,0.928497,-0.025495,0.521694,0.914119,-0.022315,0.524885,0.896999,-0.0209,0.578811,0.89255,-0.015062,0.549122,0.926526,-0.015259,0.543171,0.912034,-0.008754,0.547212,0.896037,-0.006139,0.591228,0.895268,-0.008613,0.564315,0.91888,-0.009043,0.558527,0.906542,-0.004781,0.561991,0.89296,-0.001908
206,6866,True,0.9971,0.9971,0.57937,0.795577,0.0,0.536992,0.791935,-0.015732,0.502253,0.820827,-0.023455,0.482217,0.865906,-0.027252,0.47473,0.905494,-0.029168,0.535457,0.867046,-0.029627,0.516092,0.929837,-0.038117,0.505757,0.931446,-0.039305,0.503626,0.919935,-0.037879,0.560546,0.883414,-0.022462,0.532627,0.928187,-0.026355,0.523498,0.91518,-0.023951,0.526587,0.897705,-0.022799,0.57876,0.890626,-0.015354,0.549972,0.925793,-0.016233,0.544249,0.912279,-0.010331,0.548149,0.896293,-0.007864,0.591154,0.894218,-0.00943,0.564484,0.917898,-0.01027,0.559087,0.906046,-0.006444,0.562368,0.89259,-0.003774
207,6899,True,0.9967,0.9967,0.578225,0.798487,0.0,0.53603,0.793188,-0.015858,0.501178,0.822395,-0.023482,0.48132,0.86866,-0.027043,0.473006,0.908438,-0.029274,0.534577,0.869893,-0.031511,0.512199,0.933289,-0.039707,0.49756,0.939727,-0.040978,0.490675,0.932503,-0.039994,0.560134,0.886673,-0.024154,0.529539,0.930549,-0.028088,0.518901,0.9193,-0.025575,0.520769,0.903343,-0.024532,0.578581,0.893353,-0.016594,0.548021,0.928053,-0.01767,0.541094,0.915722,-0.011673,0.544181,0.900431,-0.009241,0.590794,0.896303,-0.010134,0.563424,0.920519,-0.011301,0.556779,0.909657,-0.007369,0.559505,0.896502,-0.004594
208,6933,True,0.9975,0.9975,0.579139,0.798448,0.0,0.535629,0.792632,-0.017131,0.500738,0.823086,-0.024954,0.480842,0.870029,-0.028212,0.472771,0.911083,-0.030065,0.533334,0.86964,-0.0333,0.51172,0.936017,-0.040488,0.495803,0.945613,-0.040517,0.487114,0.939892,-0.038802,0.559035,0.886895,-0.024833,0.528451,0.933337,-0.028148,0.517105,0.92285,-0.024746,0.518181,0.906353,-0.022978,0.577334,0.894189,-0.016114,0.546914,0.930562,-0.016717,0.539221,0.918033,-0.010674,0.541466,0.90235,-0.008271,0.589287,0.89759,-0.008572,0.562039,0.921068,-0.010155,0.554448,0.910154,-0.006909,0.556322,0.897215,-0.004529
209,6966,True,0.9963,0.9963,0.578697,0.796398,0.0,0.535446,0.792957,-0.016913,0.500691,0.82337,-0.025173,0.479584,0.869728,-0.029012,0.471288,0.910565,-0.031313,0.534479,0.870448,-0.033635,0.510799,0.936666,-0.042211,0.495392,0.942143,-0.043443,0.487552,0.933983,-0.042503,0.560339,0.887388,-0.025783,0.52775,0.933243,-0.030524,0.516989,0.918611,-0.027875,0.51936,0.900546,-0.026512,0.578493,0.894521,-0.017649,0.54698,0.931011,-0.018863,0.539863,0.916299,-0.011978,0.543468,0.899598,-0.008923,0.590202,0.89746,-0.010809,0.562322,0.921955,-0.012804,0.555556,0.909265,-0.008907,0.558721,0.895201,-0.005983
210,7000,True,0.997,0.997,0.578284,0.795845,0.0,0.534481,0.793636,-0.017161,0.500241,0.823555,-0.025678,0.480125,0.870019,-0.02992,0.47202,0.911086,-0.032628,0.534144,0.870813,-0.032951,0.510993,0.936441,-0.041722,0.495673,0.942466,-0.043102,0.487685,0.935092,-0.042222,0.559882,0.886797,-0.025152,0.528651,0.934838,-0.030013,0.51732,0.922608,-0.027642,0.518545,0.905421,-0.026423,0.57803,0.893544,-0.017182,0.547406,0.932111,-0.018912,0.539814,0.918655,-0.012534,0.542577,0.902107,-0.009583,0.589782,0.896455,-0.010499,0.562717,0.923157,-0.012887,0.555518,0.91139,-0.009228,0.557951,0.897114,-0.006309
211,7033,True,0.996,0.996,0.578053,0.796255,0.0,0.534127,0.794152,-0.017657,0.499577,0.824029,-0.026315,0.479383,0.87008,-0.030527,0.471966,0.910921,-0.033257,0.533839,0.871672,-0.03427,0.510874,0.937256,-0.043035,0.494992,0.944311,-0.044409,0.486175,0.938096,-0.04366,0.559961,0.887599,-0.026271,0.528949,0.935357,-0.03132,0.517325,0.92299,-0.028935,0.518227,0.90559,-0.027778,0.578398,0.894191,-0.018046,0.547858,0.932682,-0.019871,0.539887,0.919063,-0.013359,0.542404,0.90222,-0.01036,0.590415,0.896848,-0.01115,0.56369,0.923518,-0.013667,0.556121,0.911904,-0.010008,0.558367,0.897461,-0.007101
212,7066,True,0.9962,0.9962,0.578231,0.796482,0.0,0.534004,0.794301,-0.01781,0.499593,0.824527,-0.02653,0.479404,0.870929,-0.030776,0.471941,0.911602,-0.033509,0.534189,0.871878,-0.034332,0.511073,0.937962,-0.043263,0.495202,0.944815,-0.044738,0.486611,0.938645,-0.043947,0.560003,0.887729,-0.026196,0.528857,0.938187,-0.031216,0.516376,0.927584,-0.028985,0.516297,0.911291,-0.027846,0.578127,0.89462,-0.01784,0.547165,0.935113,-0.01969,0.538322,0.922606,-0.013677,0.54003,0.906447,-0.010931,0.589704,0.897844,-0.010794,0.562486,0.926139,-0.013249,0.554341,0.915394,-0.00984,0.556002,0.901409,-0.007103
213,7100,True,0.9967,0.9967,0.578005,0.797169,0.0,0.53354,0.794504,-0.018335,0.498744,0.825487,-0.027617,0.478251,0.872126,-0.032088,0.470849,0.91387,-0.034978,0.534372,0.870847,-0.037169,0.51039,0.938977,-0.046336,0.492398,0.946796,-0.047327,0.482331,0.940711,-0.046034,0.560595,0.887458,-0.028753,0.526972,0.938706,-0.034147,0.513505,0.927875,-0.031213,0.513746,0.910913,-0.029441,0.578709,0.894914,-0.019984,0.545394,0.935481,-0.021999,0.535608,0.922185,-0.015339,0.537377,0.90542,-0.012104,0.589918,0.898492,-0.012532,0.560965,0.926412,-0.015349,0.551999,0.914831,-0.011789,0.553664,0.900482,-0.008829
214,7133,True,0.9977,0.9977,0.579519,0.79428,0.0,0.535627,0.792658,-0.017266,0.500938,0.822486,-0.026106,0.480385,0.867744,-0.030625,0.471965,0.90903,-0.033798,0.533497,0.868092,-0.033117,0.511528,0.934817,-0.041384,0.494969,0.944854,-0.042423,0.484631,0.940414,-0.041127,0.559289,0.88424,-0.024962,0.530722,0.939047,-0.028437,0.51713,0.934259,-0.025554,0.514207,0.920103,-0.023964,0.577926,0.89166,-0.016596,0.549206,0.934413,-0.017302,0.539105,0.925181,-0.011932,0.538488,0.909939,-0.009606,0.589581,0.895293,-0.009457,0.564529,0.924685,-0.010933,0.555382,0.915868,-0.007712,0.555357,0.90245,-0.005096
215,7166,True,0.9973,0.9973,0.578883,0.797176,0.0,0.536734,0.794333,-0.017367,0.501728,0.823234,-0.026156,0.480383,0.869133,-0.030656,0.474232,0.910717,-0.033629,0.535611,0.870198,-0.033634,0.512454,0.936127,-0.042108,0.496678,0.943208,-0.042942,0.48855,0.936413,-0.041351,0.56105,0.88595,-0.025674,0.531025,0.94036,-0.029432,0.51703,0.935418,-0.026576,0.514802,0.921543,-0.025044,0.579158,0.893214,-0.017503,0.549713,0.935698,-0.018431,0.539365,0.927077,-0.013083,0.5392,0.912369,-0.010811,0.59037,0.897007,-0.010578,0.564377,0.926121,-0.012071,0.555595,0.917842,-0.008823,0.556296,0.90488,-0.006286
216,7200,True,0.998,0.998,0.580695,0.797246,0.0,0.53787,0.793803,-0.018305,0.502736,0.822244,-0.027793,0.480974,0.865795,-0.032501,0.472861,0.905861,-0.035975,0.536541,0.866546,-0.037245,0.513466,0.933184,-0.046884,0.494358,0.947147,-0.048784,0.48095,0.947542,-0.047981,0.561134,0.883724,-0.028748,0.529796,0.94067,-0.033567,0.512951,0.941296,-0.031025,0.506418,0.930914,-0.029494,0.578626,0.892935,-0.019891,0.547815,0.93675,-0.021331,0.535147,0.931068,-0.016222,0.531648,0.918249,-0.013905,0.589504,0.897921,-0.012398,0.562241,0.927303,-0.014468,0.551204,0.921704,-0.011662,0.548884,0.911138,-0.009247
217,7233,True,0.9978,0.9978,0.580693,0.797121,0.0,0.537743,0.792828,-0.018042,0.503061,0.821664,-0.027457,0.48113,0.866386,-0.032167,0.473139,0.907679,-0.035316,0.537419,0.866115,-0.036937,0.514509,0.934622,-0.045374,0.495876,0.944665,-0.045391,0.485319,0.939998,-0.043214,0.562672,0.883698,-0.028332,0.529756,0.936939,-0.032719,0.516081,0.927607,-0.028534,0.516212,0.911632,-0.025669,0.580199,0.892553,-0.019349,0.548251,0.934737,-0.020473,0.538806,0.922228,-0.013537,0.541091,0.905637,-0.009955,0.590687,0.897671,-0.011653,0.562976,0.92563,-0.013345,0.5547,0.915492,-0.009628,0.557025,0.902161,-0.006627
218,7266,True,0.9982,0.9982,0.580861,0.798476,0.0,0.537233,0.793483,-0.019232,0.501758,0.822651,-0.029424,0.479635,0.867469,-0.034147,0.473183,0.908833,-0.037424,0.537855,0.862767,-0.043806,0.51471,0.932629,-0.053553,0.49447,0.947718,-0.053969,0.481616,0.948657,-0.052116,0.563214,0.882265,-0.034666,0.52801,0.936195,-0.040455,0.513307,0.927098,-0.035635,0.51282,0.910296,-0.0324,0.580451,0.893031,-0.024831,0.545957,0.93555,-0.027075,0.535645,0.922863,-0.019429,0.537483,0.905668,-0.01538,0.590791,0.899452,-0.016304,0.560413,0.926841,-0.019067,0.550755,0.916802,-0.015484,0.552106,0.903737,-0.012599
219,7300,True,0.9977,0.9977,0.580746,0.798108,0.0,0.537471,0.792176,-0.017173,0.502326,0.821322,-0.025736,0.481469,0.866147,-0.029692,0.47377,0.907005,-0.032284,0.536584,0.863184,-0.036145,0.515098,0.931451,-0.04416,0.496431,0.944639,-0.044544,0.485218,0.943572,-0.043061,0.561645,0.880984,-0.028068,0.529363,0.931926,-0.033081,0.51696,0.921831,-0.029568,0.518713,0.905155,-0.027224,0.57932,0.88996,-0.019482,0.547445,0.930093,-0.021001,0.539251,0.916905,-0.013879,0.542618,0.900274,-0.010243,0.59071,0.895056,-0.01214,0.562394,0.920502,-0.014221,0.554799,0.909502,-0.010542,0.557817,0.896297,-0.007645
220,7333,True,0.9979,0.9979,0.580508,0.800213,0.0,0.537337,0.792806,-0.019422,0.501526,0.821672,-0.028949,0.480915,0.866389,-0.032997,0.472048,0.907377,-0.035607,0.537107,0.86532,-0.041491,0.513644,0.933983,-0.050723,0.493272,0.948641,-0.051473,0.48005,0.949229,-0.050061,0.562479,0.884815,-0.032163,0.527305,0.936607,-0.037644,0.512105,0.927696,-0.03335,0.511087,0.91158,-0.030527,0.579715,0.894407,-0.022334,0.545648,0.936421,-0.024367,0.534821,0.924059,-0.016989,0.535773,0.907782,-0.013184,0.589846,0.899697,-0.013886,0.560323,0.926959,-0.016922,0.550237,0.916962,-0.013605,0.551364,0.90422,-0.010861
221,7366,True,0.9983,0.9983,0.579752,0.80078,0.0,0.535852,0.79383,-0.019914,0.500249,0.822699,-0.02965,0.479541,0.867983,-0.03402,0.469912,0.909433,-0.037192,0.535403,0.865924,-0.040239,0.512312,0.934055,-0.049585,0.492671,0.95021,-0.051068,0.47901,0.952395,-0.050313,0.561318,0.88563,-0.030752,0.527405,0.935816,-0.036165,0.51278,0.927811,-0.032465,0.510935,0.912424,-0.030104,0.579246,0.895068,-0.020955,0.546499,0.935412,-0.023092,0.535746,0.923913,-0.016651,0.535481,0.908576,-0.013504,0.590053,0.900371,-0.012566,0.56167,0.926647,-0.015874,0.55096,0.917052,-0.013162,0.550463,0.904604,-0.010764
222,7399,True,0.9984,0.9984,0.578929,0.801269,0.0,0.534731,0.794301,-0.020632,0.498591,0.823527,-0.030984,0.477217,0.869622,-0.035701,0.467978,0.912133,-0.039144,0.533714,0.867672,-0.042767,0.5105,0.937764,-0.05292,0.489587,0.952603,-0.054366,0.475663,0.951792,-0.053249,0.560403,0.887669,-0.032902,0.52609,0.938603,-0.03874,0.510775,0.930769,-0.034807,0.508776,0.915562,-0.032249,0.578853,0.896937,-0.02269,0.546044,0.937455,-0.025009,0.534503,0.925925,-0.01845,0.533936,0.909954,-0.015238,0.58992,0.901581,-0.013887,0.561881,0.928015,-0.017385,0.550575,0.918369,-0.014574,0.549947,0.905253,-0.012011
223,7433,True,0.9982,0.9982,0.578069,0.799249,0.0,0.534022,0.794633,-0.017535,0.498043,0.824967,-0.026396,0.476444,0.871134,-0.030707,0.466699,0.912865,-0.033922,0.53159,0.867073,-0.036256,0.508672,0.934967,-0.045555,0.490203,0.951152,-0.047414,0.477711,0.953471,-0.046959,0.55707,0.885568,-0.028444,0.523901,0.939414,-0.034107,0.509351,0.934087,-0.031587,0.50734,0.919688,-0.029891,0.575255,0.894377,-0.020215,0.542921,0.93688,-0.022349,0.532799,0.926507,-0.016127,0.533179,0.911154,-0.012993,0.586487,0.89897,-0.013246,0.55767,0.927128,-0.015904,0.548278,0.917804,-0.012518,0.548974,0.905076,-0.009669
224,7466,True,0.9972,0.9972,0.576722,0.797073,0.0,0.5343,0.793598,-0.017305,0.498864,0.823194,-0.026057,0.477509,0.868555,-0.03004,0.469215,0.909364,-0.032952,0.532138,0.866036,-0.037427,0.508822,0.933716,-0.045598,0.491741,0.949241,-0.046438,0.481159,0.951183,-0.045486,0.557811,0.883854,-0.029347,0.525718,0.935732,-0.033668,0.512486,0.927665,-0.030121,0.511789,0.911341,-0.028248,0.576139,0.891901,-0.020704,0.545354,0.934125,-0.021834,0.535557,0.923375,-0.015461,0.536354,0.907337,-0.012777,0.58764,0.895785,-0.013228,0.561525,0.92342,-0.015248,0.552545,0.91429,-0.011964,0.553539,0.901542,-0.009648
225,7500,True,0.9982,0.9982,0.57679,0.798476,0.0,0.534378,0.79393,-0.018124,0.498343,0.821949,-0.027029,0.477015,0.867181,-0.031075,0.470644,0.909048,-0.034001,0.531634,0.868713,-0.037686,0.508436,0.935095,-0.046327,0.491012,0.94936,-0.047437,0.479931,0.949807,-0.046541,0.557348,0.8866,-0.029073,0.526456,0.935815,-0.033232,0.512603,0.927296,-0.029743,0.510563,0.91122,-0.028089,0.575509,0.894064,-0.020063,0.545728,0.934148,-0.021511,0.535398,0.923574,-0.015674,0.534967,0.907913,-0.013344,0.586878,0.897509,-0.012244,0.561037,0.924738,-0.014648,0.551104,0.915669,-0.011717,0.551063,0.902478,-0.009553
226,7533,True,0.998,0.998,0.577608,0.795039,0.0,0.534477,0.792477,-0.017373,0.497818,0.82268,-0.025775,0.476867,0.86868,-0.029755,0.470418,0.910566,-0.032433,0.532355,0.86713,-0.033851,0.511394,0.932082,-0.042362,0.49643,0.944576,-0.043937,0.48752,0.942951,-0.043288,0.558169,0.883669,-0.02595,0.529798,0.935767,-0.030899,0.517389,0.92721,-0.028833,0.516817,0.91031,-0.027585,0.576319,0.891211,-0.017744,0.548496,0.932256,-0.019392,0.539856,0.920876,-0.013871,0.541345,0.904395,-0.011253,0.587635,0.894921,-0.010779,0.562681,0.923147,-0.012602,0.554603,0.913306,-0.00937,0.556172,0.899637,-0.006826
227,7566,True,0.9983,0.9983,0.578379,0.796398,0.0,0.535494,0.793314,-0.01753,0.499184,0.82165,-0.026669,0.477719,0.866337,-0.031224,0.471012,0.907782,-0.034658,0.533124,0.865114,-0.036662,0.5122,0.930496,-0.045603,0.495976,0.945084,-0.047064,0.485558,0.945105,-0.046107,0.559037,0.881774,-0.028522,0.530577,0.936032,-0.032752,0.516713,0.933243,-0.02983,0.513629,0.920194,-0.028332,0.577603,0.890008,-0.019946,0.549712,0.932498,-0.020946,0.539887,0.924458,-0.015293,0.539603,0.909481,-0.012854,0.589354,0.894565,-0.012576,0.565061,0.923433,-0.013955,0.556172,0.915798,-0.010714,0.55639,0.903227,-0.008251
228,7600,True,0.9967,0.9967,0.579751,0.7962,0.0,0.538218,0.792957,-0.016409,0.501686,0.820308,-0.024434,0.481742,0.86493,-0.027988,0.475157,0.905449,-0.03056,0.534794,0.866367,-0.032441,0.513803,0.929432,-0.03973,0.498999,0.944065,-0.040874,0.489365,0.944422,-0.040074,0.559696,0.88249,-0.024486,0.532013,0.931134,-0.027197,0.519249,0.927038,-0.024313,0.515606,0.913382,-0.023258,0.577816,0.889813,-0.016237,0.550358,0.929722,-0.01639,0.540476,0.922822,-0.011735,0.538614,0.908771,-0.010393,0.58965,0.893684,-0.009085,0.566362,0.920821,-0.009943,0.556882,0.914927,-0.007349,0.555085,0.904071,-0.00569
229,7633,True,0.9985,0.9985,0.581218,0.797248,0.0,0.539051,0.792831,-0.015898,0.503073,0.819828,-0.023744,0.482722,0.864159,-0.027243,0.474139,0.904047,-0.029609,0.535808,0.864407,-0.032957,0.515395,0.92959,-0.040451,0.500086,0.940726,-0.041068,0.491014,0.936979,-0.039668,0.560833,0.880802,-0.025246,0.53291,0.932707,-0.028,0.519247,0.929715,-0.024797,0.515986,0.916577,-0.023381,0.579088,0.888533,-0.017141,0.551453,0.929091,-0.017119,0.541617,0.921771,-0.011995,0.540824,0.907307,-0.010198,0.590961,0.892493,-0.010109,0.567765,0.920017,-0.010964,0.559164,0.912847,-0.008044,0.558904,0.900629,-0.00593
230,7666,True,0.9983,0.9983,0.58106,0.796631,0.0,0.539131,0.792232,-0.01469,0.503974,0.819996,-0.021804,0.482764,0.864651,-0.025163,0.474062,0.904589,-0.027026,0.537285,0.866731,-0.027799,0.516989,0.930655,-0.034785,0.503219,0.934685,-0.035556,0.497631,0.924762,-0.034129,0.562054,0.882253,-0.020655,0.534808,0.930774,-0.023098,0.522761,0.922355,-0.020511,0.522536,0.906766,-0.019371,0.580157,0.888964,-0.013411,0.553606,0.927214,-0.013024,0.544762,0.917539,-0.008187,0.545756,0.90247,-0.006519,0.591745,0.892462,-0.007195,0.568828,0.919394,-0.007285,0.561262,0.910927,-0.004066,0.562559,0.897946,-0.001834
231,7700,True,0.998,0.998,0.581932,0.796831,0.0,0.539115,0.791515,-0.016309,0.503892,0.820209,-0.023965,0.484196,0.865629,-0.027208,0.476475,0.905206,-0.028861,0.537794,0.86372,-0.032784,0.516876,0.930608,-0.040832,0.502875,0.938249,-0.04167,0.496485,0.93133,-0.040359,0.563467,0.880783,-0.025012,0.534053,0.9289,-0.029427,0.522987,0.91715,-0.026679,0.524401,0.89943,-0.025216,0.58166,0.888613,-0.016954,0.552445,0.927983,-0.017768,0.544467,0.915791,-0.011575,0.546858,0.899188,-0.008911,0.593202,0.892653,-0.010099,0.568091,0.919318,-0.011523,0.56079,0.909401,-0.008193,0.562721,0.896044,-0.005785
232,7733,True,0.9988,0.9988,0.581125,0.796012,0.0,0.538428,0.790962,-0.01612,0.501897,0.821176,-0.023795,0.482059,0.868026,-0.027,0.474528,0.908779,-0.028855,0.536254,0.86489,-0.032714,0.51719,0.929305,-0.040218,0.504689,0.93708,-0.040555,0.498998,0.92995,-0.038668,0.561955,0.881758,-0.02447,0.535323,0.926431,-0.027491,0.525758,0.915992,-0.024214,0.526923,0.899995,-0.022466,0.580389,0.889623,-0.01586,0.553575,0.922796,-0.015807,0.5475,0.910858,-0.010246,0.550016,0.895413,-0.008075,0.592478,0.893924,-0.00831,0.567891,0.915814,-0.008323,0.561735,0.904468,-0.004869,0.564009,0.891269,-0.002459
233,7766,True,0.9981,0.9981,0.579977,0.797268,0.0,0.537623,0.791977,-0.015897,0.500959,0.820868,-0.024059,0.480975,0.867404,-0.028256,0.472824,0.908243,-0.031115,0.534386,0.863118,-0.032281,0.514586,0.928617,-0.041526,0.501214,0.938391,-0.042772,0.495674,0.932554,-0.04102,0.559271,0.880059,-0.02516,0.529282,0.932095,-0.031027,0.518077,0.924304,-0.028936,0.520014,0.90809,-0.026798,0.577508,0.889106,-0.017802,0.547321,0.926276,-0.020179,0.540862,0.914981,-0.01501,0.544596,0.899512,-0.011969,0.589819,0.894968,-0.011464,0.561685,0.919423,-0.012603,0.555515,0.90816,-0.008943,0.558965,0.894893,-0.005861
234,7800,True,0.9982,0.9982,0.578876,0.799062,0.0,0.536412,0.792238,-0.017239,0.499173,0.82042,-0.025893,0.47805,0.866657,-0.030472,0.46949,0.908251,-0.033672,0.534344,0.861885,-0.033457,0.513528,0.927074,-0.043517,0.497723,0.939599,-0.045777,0.489654,0.937295,-0.045053,0.559373,0.879971,-0.026457,0.527734,0.934686,-0.034355,0.514757,0.928134,-0.033588,0.51617,0.912065,-0.032115,0.577292,0.890163,-0.019283,0.545589,0.931779,-0.023254,0.537672,0.920891,-0.018129,0.541216,0.904884,-0.014743,0.588931,0.896808,-0.013293,0.560005,0.925095,-0.015925,0.553118,0.914854,-0.012533,0.556843,0.901314,-0.009404
235,7833,True,0.998,0.998,0.577713,0.799076,0.0,0.536667,0.793059,-0.016648,0.499068,0.821899,-0.024804,0.477843,0.867362,-0.028686,0.46978,0.908379,-0.031503,0.532092,0.861772,-0.033418,0.512092,0.92526,-0.042086,0.49712,0.942,-0.043453,0.488214,0.944304,-0.042387,0.556999,0.879434,-0.026241,0.52804,0.934498,-0.031469,0.514289,0.933756,-0.029546,0.51257,0.922307,-0.02807,0.575769,0.8892,-0.018758,0.546704,0.93146,-0.021042,0.537687,0.923621,-0.016164,0.538642,0.909401,-0.013564,0.588456,0.895376,-0.012325,0.56224,0.924878,-0.013894,0.554357,0.916853,-0.010509,0.556076,0.904673,-0.007737
236,7866,True,0.9986,0.9986,0.577584,0.799129,0.0,0.535093,0.79203,-0.018278,0.497854,0.820512,-0.026853,0.477263,0.865891,-0.030852,0.468197,0.9076,-0.03381,0.532686,0.863243,-0.034111,0.512661,0.925772,-0.042724,0.49747,0.944758,-0.044535,0.488033,0.949097,-0.043975,0.558035,0.881477,-0.025933,0.529142,0.93295,-0.031003,0.515641,0.930146,-0.029065,0.513911,0.916963,-0.027728,0.576233,0.89059,-0.017649,0.546513,0.930946,-0.020128,0.537407,0.922419,-0.015503,0.538154,0.908102,-0.013132,0.587894,0.896037,-0.010531,0.561343,0.924486,-0.012748,0.553025,0.916517,-0.009961,0.554348,0.904378,-0.007599
237,7899,True,0.9985,0.9985,0.577255,0.799512,0.0,0.53501,0.792169,-0.018209,0.497237,0.82112,-0.026588,0.47709,0.866978,-0.030135,0.46876,0.908105,-0.032477,0.532355,0.863635,-0.035684,0.511802,0.927408,-0.044636,0.496026,0.943719,-0.046404,0.486463,0.945346,-0.045817,0.557868,0.881411,-0.027315,0.528369,0.930066,-0.032954,0.516448,0.923217,-0.030655,0.516359,0.908387,-0.029149,0.575682,0.890304,-0.018735,0.546249,0.928888,-0.021196,0.538119,0.918976,-0.015671,0.53973,0.90448,-0.0129,0.587089,0.89567,-0.011401,0.560359,0.922699,-0.01379,0.552552,0.913959,-0.010846,0.554162,0.902359,-0.008449
238,7933,True,0.9983,0.9983,0.578185,0.797738,0.0,0.536655,0.790951,-0.017898,0.499735,0.819781,-0.026056,0.479651,0.865625,-0.029288,0.473474,0.906374,-0.031145,0.533423,0.86372,-0.035673,0.513687,0.928726,-0.044348,0.497369,0.941756,-0.045814,0.487664,0.939578,-0.045065,0.558477,0.881791,-0.027114,0.52954,0.928067,-0.031972,0.518131,0.918821,-0.029214,0.51865,0.902838,-0.027735,0.576185,0.890407,-0.018316,0.547372,0.926584,-0.019961,0.539869,0.915613,-0.014108,0.542085,0.90031,-0.011482,0.587582,0.894967,-0.010763,0.561464,0.919793,-0.012743,0.554331,0.910094,-0.009634,0.556542,0.897435,-0.007274
239,7966,True,0.9985,0.9985,0.5792,0.795379,0.0,0.537788,0.791077,-0.01513,0.500579,0.819885,-0.022014,0.479966,0.865324,-0.02511,0.474037,0.905742,-0.0268,0.533132,0.863785,-0.027829,0.515913,0.925128,-0.035843,0.504376,0.933049,-0.037795,0.499222,0.926336,-0.037222,0.557979,0.879354,-0.021016,0.534146,0.926417,-0.025448,0.524108,0.918602,-0.024496,0.524254,0.902368,-0.02412,0.576449,0.887217,-0.014172,0.552154,0.924008,-0.015497,0.545264,0.914899,-0.01129,0.546716,0.899751,-0.009585,0.5891,0.89176,-0.008401,0.566201,0.917371,-0.009223,0.560181,0.908401,-0.006237,0.562007,0.89524,-0.00404
240,8000,True,0.998,0.998,0.580389,0.796068,0.0,0.538831,0.790349,-0.015738,0.503214,0.817975,-0.022881,0.482345,0.862295,-0.025919,0.474842,0.901815,-0.027382,0.536501,0.863296,-0.029453,0.517976,0.926225,-0.036641,0.505613,0.933957,-0.037327,0.50084,0.927626,-0.03581,0.561129,0.879475,-0.021875,0.533992,0.926461,-0.02554,0.522922,0.918038,-0.023509,0.523688,0.902254,-0.022457,0.579032,0.887355,-0.014179,0.551122,0.924415,-0.014855,0.543305,0.914622,-0.010265,0.545306,0.899728,-0.008454,0.590479,0.892254,-0.007574,0.565156,0.917054,-0.008219,0.558357,0.908359,-0.005378,0.560339,0.896135,-0.003366
241,8033,True,0.998,0.998,0.582157,0.79493,0.0,0.54029,0.789064,-0.016657,0.503375,0.81835,-0.024125,0.482946,0.863428,-0.026943,0.475758,0.902872,-0.028592,0.53632,0.857563,-0.033163,0.520112,0.92033,-0.040149,0.508068,0.935559,-0.040556,0.500956,0.936155,-0.039278,0.561165,0.875473,-0.025043,0.535782,0.92075,-0.029127,0.52579,0.912851,-0.026495,0.525919,0.896797,-0.024999,0.579199,0.885193,-0.01655,0.55246,0.92084,-0.017396,0.54579,0.911213,-0.012339,0.547331,0.895933,-0.010233,0.591086,0.891477,-0.009185,0.566989,0.914959,-0.010011,0.560056,0.906704,-0.007363,0.561077,0.894731,-0.00552
242,8066,True,0.9977,0.9977,0.580881,0.796698,0.0,0.539703,0.789244,-0.017278,0.503461,0.81766,-0.025732,0.482054,0.862751,-0.02937,0.473306,0.903343,-0.032136,0.535883,0.856778,-0.036039,0.517471,0.920763,-0.043723,0.502426,0.940545,-0.044155,0.492353,0.944987,-0.042463,0.560333,0.875847,-0.027512,0.532358,0.925029,-0.030476,0.518474,0.92463,-0.026703,0.515119,0.913035,-0.024508,0.578548,0.885699,-0.018567,0.54977,0.921931,-0.018427,0.540925,0.914942,-0.013236,0.540807,0.9014,-0.01122,0.590333,0.891748,-0.010762,0.5644,0.91325,-0.010592,0.556096,0.906297,-0.007661,0.556381,0.895905,-0.005691
243,8100,True,0.9972,0.9972,0.581524,0.796751,0.0,0.541159,0.789268,-0.017626,0.503783,0.817694,-0.025688,0.482467,0.861538,-0.029021,0.475113,0.900461,-0.031398,0.535777,0.857237,-0.035784,0.518169,0.918643,-0.044108,0.503643,0.937914,-0.045231,0.494415,0.9428,-0.0442,0.559716,0.876182,-0.027609,0.532786,0.922426,-0.032257,0.520649,0.918036,-0.029446,0.519549,0.904132,-0.027695,0.577591,0.886428,-0.019167,0.549439,0.919995,-0.020736,0.542304,0.911029,-0.015565,0.543985,0.896765,-0.013177,0.589778,0.8928,-0.011932,0.563542,0.913395,-0.012953,0.556622,0.904647,-0.010054,0.558585,0.893048,-0.007966
244,8133,True,0.9983,0.9983,0.57977,0.794736,0.0,0.539132,0.789826,-0.016455,0.503017,0.818341,-0.024174,0.482193,0.864109,-0.027668,0.473058,0.904325,-0.030174,0.535903,0.855446,-0.030067,0.52093,0.909828,-0.037171,0.51248,0.928334,-0.037872,0.508909,0.93504,-0.03679,0.559294,0.873526,-0.022599,0.535747,0.916868,-0.026273,0.525508,0.91304,-0.024113,0.524855,0.900719,-0.022901,0.576979,0.883596,-0.01506,0.552024,0.91607,-0.016365,0.545762,0.907834,-0.01226,0.547177,0.894012,-0.010499,0.589213,0.890333,-0.008586,0.565488,0.910468,-0.008982,0.559314,0.902046,-0.006429,0.560718,0.890527,-0.004663
245,8166,True,0.9967,0.9967,0.578611,0.794587,0.0,0.538023,0.789657,-0.01601,0.500783,0.818981,-0.02333,0.479466,0.863588,-0.026389,0.472299,0.901601,-0.028607,0.53524,0.856053,-0.030922,0.521051,0.910806,-0.038814,0.510785,0.930386,-0.041198,0.504942,0.937535,-0.04168,0.559941,0.874633,-0.023952,0.537865,0.913718,-0.028735,0.529225,0.904939,-0.02709,0.530172,0.889709,-0.026377,0.578493,0.884084,-0.016821,0.555199,0.915592,-0.018588,0.548892,0.906201,-0.013517,0.550698,0.891864,-0.011362,0.591667,0.889688,-0.01085,0.568908,0.908903,-0.011921,0.562613,0.900262,-0.008907,0.564141,0.889068,-0.00688
246,8200,True,0.9962,0.9962,0.579448,0.796701,0.0,0.53736,0.79128,-0.017585,0.497043,0.820991,-0.026441,0.475028,0.867391,-0.030608,0.468669,0.909114,-0.033791,0.534692,0.857623,-0.037477,0.515385,0.92402,-0.047891,0.498195,0.942717,-0.050727,0.48699,0.945263,-0.050349,0.561281,0.876757,-0.029649,0.530444,0.927896,-0.036913,0.517364,0.919275,-0.035279,0.517848,0.901773,-0.033567,0.579775,0.887301,-0.021392,0.548526,0.925991,-0.024088,0.539256,0.915089,-0.018331,0.54111,0.898666,-0.015056,0.591864,0.894046,-0.014349,0.562967,0.91861,-0.015776,0.553922,0.90889,-0.012169,0.555838,0.89598,-0.009205
247,8233,True,0.9984,0.9984,0.578824,0.792139,0.0,0.537568,0.788855,-0.017432,0.501185,0.818536,-0.025949,0.478947,0.863789,-0.02973,0.471705,0.903767,-0.031896,0.536425,0.858771,-0.036075,0.518624,0.921934,-0.044484,0.507667,0.930719,-0.044824,0.503496,0.926449,-0.043065,0.561582,0.876464,-0.028003,0.533635,0.922794,-0.033032,0.523561,0.911472,-0.030314,0.525319,0.894084,-0.028747,0.579239,0.885988,-0.019565,0.549753,0.92267,-0.021103,0.543337,0.910199,-0.015412,0.546513,0.893867,-0.012851,0.590712,0.892104,-0.012355,0.563779,0.91554,-0.01364,0.557381,0.904465,-0.010721,0.559989,0.890852,-0.008674
248,8266,True,0.9981,0.9981,0.577832,0.795654,0.0,0.535927,0.789313,-0.017951,0.498413,0.819332,-0.026868,0.477236,0.866055,-0.030763,0.47045,0.907277,-0.033479,0.533071,0.859218,-0.039193,0.514979,0.924143,-0.048654,0.50093,0.939114,-0.04979,0.493237,0.938954,-0.048425,0.558984,0.87792,-0.030807,0.530001,0.92584,-0.036247,0.518377,0.917434,-0.033278,0.518436,0.901598,-0.031509,0.576914,0.887525,-0.021932,0.546033,0.924716,-0.023856,0.538384,0.913724,-0.017997,0.540464,0.898111,-0.015333,0.588579,0.893327,-0.014223,0.559929,0.916749,-0.015771,0.552496,0.906506,-0.012672,0.554337,0.894008,-0.010453
249,8300,True,0.9981,0.9981,0.578081,0.796836,0.0,0.535877,0.789413,-0.018016,0.498695,0.81947,-0.026738,0.477647,0.865995,-0.030463,0.468901,0.906851,-0.032856,0.533341,0.85801,-0.037543,0.515205,0.922625,-0.046061,0.502381,0.937231,-0.046536,0.495984,0.936971,-0.044949,0.559132,0.877256,-0.029114,0.529432,0.923043,-0.034457,0.518868,0.912954,-0.031497,0.520316,0.896134,-0.029672,0.577133,0.887357,-0.020291,0.545712,0.923893,-0.021984,0.538594,0.912434,-0.01611,0.541259,0.896832,-0.013479,0.588524,0.893958,-0.01267,0.560002,0.917148,-0.014019,0.552893,0.907217,-0.011072,0.555011,0.895119,-0.009059
250,8333,True,0.9985,0.9985,0.577115,0.797966,0.0,0.534347,0.790339,-0.01797,0.498154,0.819418,-0.026672,0.478086,0.865556,-0.030429,0.470252,0.905449,-0.032982,0.533715,0.859774,-0.037732,0.513928,0.924208,-0.04642,0.500847,0.938069,-0.047395,0.494353,0.937521,-0.046298,0.559667,0.878607,-0.029287,0.529884,0.925087,-0.034441,0.519241,0.915322,-0.031603,0.520495,0.898737,-0.030109,0.577691,0.887832,-0.020384,0.546996,0.925489,-0.021825,0.539931,0.914373,-0.01582,0.542632,0.898404,-0.013311,0.589148,0.893247,-0.012716,0.561921,0.917052,-0.014399,0.555112,0.907658,-0.011609,0.55733,0.895339,-0.009718
251,8366,True,0.9978,0.9978,0.578386,0.798466,0.0,0.535795,0.790495,-0.019662,0.49856,0.819989,-0.029329,0.477622,0.865818,-0.033722,0.472695,0.906859,-0.036924,0.534818,0.861069,-0.041007,0.513508,0.927007,-0.051054,0.496938,0.941916,-0.053031,0.487193,0.941896,-0.052421,0.560835,0.879403,-0.032,0.529449,0.927304,-0.038636,0.517529,0.916996,-0.036068,0.51851,0.900114,-0.034397,0.578573,0.888486,-0.022575,0.546558,0.926657,-0.025315,0.538516,0.914304,-0.019191,0.541241,0.898009,-0.016233,0.589436,0.893781,-0.014498,0.560895,0.918852,-0.016985,0.553204,0.908254,-0.013871,0.555789,0.894998,-0.011527
252,8400,True,0.9984,0.9984,0.579214,0.795525,0.0,0.536302,0.790719,-0.015934,0.500838,0.819039,-0.022975,0.481035,0.864312,-0.025643,0.473391,0.903139,-0.026932,0.533833,0.861915,-0.030329,0.517023,0.923457,-0.036878,0.506917,0.932248,-0.037344,0.502028,0.927477,-0.036283,0.558671,0.879012,-0.022661,0.533504,0.923883,-0.025636,0.523703,0.91532,-0.023354,0.523588,0.899535,-0.022592,0.576856,0.886619,-0.014749,0.550921,0.923128,-0.01505,0.544027,0.913711,-0.010227,0.544948,0.898976,-0.00869,0.589192,0.890222,-0.007937,0.565678,0.914104,-0.00885,0.558923,0.906282,-0.006222,0.559577,0.894438,-0.004547
253,8433,True,0.9985,0.9985,0.578334,0.796448,0.0,0.535815,0.790537,-0.017161,0.500631,0.818638,-0.025281,0.480831,0.863892,-0.028675,0.47139,0.903103,-0.030884,0.535728,0.861181,-0.034173,0.517848,0.922525,-0.04142,0.505572,0.936792,-0.041982,0.498672,0.936882,-0.040855,0.560888,0.879008,-0.025802,0.534401,0.924013,-0.028941,0.523112,0.917611,-0.026017,0.521994,0.903379,-0.024903,0.578552,0.886926,-0.017085,0.551173,0.923545,-0.017494,0.543062,0.91517,-0.012365,0.543352,0.901289,-0.01067,0.589841,0.890854,-0.009478,0.565061,0.915511,-0.010199,0.557359,0.90817,-0.007382,0.557962,0.896833,-0.005645
254,8466,True,0.9981,0.9981,0.578985,0.798347,0.0,0.535538,0.79104,-0.018582,0.499106,0.820356,-0.027758,0.479244,0.865885,-0.031805,0.47094,0.906706,-0.034768,0.534907,0.86117,-0.038187,0.513901,0.925913,-0.047193,0.497376,0.942242,-0.048864,0.487188,0.943417,-0.048119,0.56034,0.879732,-0.029289,0.5297,0.927305,-0.033829,0.516919,0.920559,-0.030526,0.516189,0.905736,-0.02866,0.578308,0.888391,-0.020038,0.546689,0.926032,-0.021191,0.538173,0.915525,-0.014976,0.53984,0.900421,-0.01221,0.589781,0.892818,-0.012058,0.561825,0.917294,-0.013618,0.553551,0.908811,-0.010431,0.55493,0.897106,-0.008088
255,8500,True,0.9984,0.9984,0.579071,0.797117,0.0,0.536046,0.790083,-0.017995,0.500274,0.819273,-0.026353,0.479919,0.865485,-0.029764,0.470916,0.906153,-0.031935,0.534552,0.860468,-0.035473,0.514807,0.926276,-0.042859,0.500143,0.939232,-0.043217,0.491728,0.937587,-0.041963,0.559857,0.878887,-0.026695,0.530681,0.925663,-0.030822,0.519851,0.914422,-0.027746,0.521023,0.896801,-0.026126,0.578195,0.887381,-0.017546,0.548442,0.924992,-0.018289,0.541105,0.912331,-0.012013,0.543689,0.895791,-0.009418,0.590292,0.891622,-0.009651,0.564145,0.915506,-0.011113,0.557051,0.905374,-0.008025,0.559125,0.892613,-0.005906
256,8533,True,0.9983,0.9983,0.579026,0.796246,0.0,0.535704,0.789306,-0.018331,0.499864,0.819136,-0.026736,0.479869,0.865674,-0.030056,0.470806,0.906249,-0.032086,0.53546,0.861059,-0.036277,0.516429,0.925568,-0.043715,0.502264,0.937041,-0.043885,0.494482,0.934406,-0.042506,0.560861,0.87925,-0.027325,0.532249,0.925486,-0.031421,0.521125,0.914477,-0.028381,0.521942,0.897119,-0.026937,0.579105,0.887633,-0.017999,0.549587,0.925055,-0.018945,0.542022,0.912708,-0.013066,0.544397,0.896144,-0.010739,0.591208,0.891701,-0.009883,0.565372,0.91659,-0.011508,0.557956,0.906614,-0.008688,0.559944,0.893326,-0.006784
257,8566,True,0.9982,0.9982,0.579755,0.793326,0.0,0.536904,0.788909,-0.016844,0.500984,0.819843,-0.024336,0.481285,0.86571,-0.027327,0.472366,0.905535,-0.029117,0.53542,0.860334,-0.031356,0.519233,0.920979,-0.038088,0.507722,0.932946,-0.038524,0.501357,0.931271,-0.037351,0.56039,0.877212,-0.023248,0.53553,0.921434,-0.026585,0.52539,0.912227,-0.024079,0.525401,0.896312,-0.022901,0.578667,0.88502,-0.014959,0.552389,0.920882,-0.015452,0.545315,0.910193,-0.010391,0.546625,0.894948,-0.008475,0.590952,0.889097,-0.007815,0.567132,0.912994,-0.008524,0.559896,0.903577,-0.00568,0.561163,0.890705,-0.003762
258,8600,True,0.9985,0.9985,0.578903,0.794571,0.0,0.536415,0.789238,-0.016432,0.499885,0.819581,-0.024333,0.478846,0.865755,-0.027549,0.470545,0.906028,-0.02973,0.534413,0.858258,-0.034407,0.519654,0.920416,-0.041998,0.508248,0.935411,-0.042647,0.502187,0.935339,-0.041283,0.559414,0.876208,-0.026312,0.535409,0.918926,-0.029508,0.525596,0.910911,-0.026214,0.52549,0.896036,-0.02464,0.577664,0.884926,-0.017827,0.55227,0.917368,-0.017825,0.54603,0.907343,-0.012221,0.547594,0.892764,-0.010175,0.59011,0.889884,-0.010441,0.566695,0.909705,-0.010449,0.560148,0.900412,-0.007314,0.561344,0.8888,-0.005324
259,8633,True,0.9984,0.9984,0.578483,0.795741,0.0,0.53617,0.78897,-0.016454,0.499947,0.819177,-0.024367,0.479772,0.866055,-0.027622,0.470351,0.905927,-0.029645,0.533102,0.85874,-0.034252,0.517118,0.922547,-0.04179,0.506307,0.935088,-0.042095,0.501675,0.932425,-0.040532,0.558513,0.877421,-0.026406,0.53226,0.920218,-0.030549,0.522758,0.908701,-0.027664,0.524415,0.890864,-0.026081,0.577185,0.886297,-0.018161,0.549946,0.920174,-0.018647,0.543604,0.90844,-0.012779,0.545978,0.892733,-0.010458,0.58997,0.891406,-0.01104,0.565268,0.911788,-0.011575,0.558892,0.902118,-0.008484,0.5607,0.890537,-0.006495
260,8666,True,0.998,0.998,0.57789,0.796523,0.0,0.535947,0.789245,-0.017591,0.499636,0.820009,-0.026141,0.479032,0.866871,-0.029735,0.469401,0.907429,-0.032098,0.533761,0.861783,-0.036386,0.515453,0.926614,-0.04436,0.502233,0.939269,-0.044646,0.495925,0.936602,-0.042996,0.559239,0.880106,-0.027963,0.53039,0.921684,-0.032311,0.520509,0.909166,-0.028858,0.522486,0.89208,-0.026983,0.57759,0.888537,-0.019186,0.548184,0.921551,-0.020021,0.541498,0.908841,-0.013721,0.544209,0.893266,-0.011206,0.589745,0.893313,-0.011598,0.563413,0.913908,-0.012704,0.556818,0.902704,-0.009353,0.559262,0.890311,-0.00713
261,8700,True,0.9983,0.9983,0.57838,0.797359,0.0,0.535623,0.790813,-0.017446,0.499917,0.820501,-0.0255,0.480791,0.867118,-0.028874,0.471528,0.907526,-0.030843,0.533946,0.864942,-0.033877,0.513921,0.929849,-0.041624,0.499629,0.9397,-0.042336,0.492254,0.935244,-0.041288,0.559878,0.882826,-0.025705,0.529689,0.925091,-0.030275,0.519353,0.91158,-0.027675,0.521543,0.893709,-0.026464,0.578487,0.890185,-0.01728,0.548098,0.924953,-0.018564,0.540763,0.911922,-0.012349,0.543434,0.895847,-0.00983,0.590886,0.893567,-0.010082,0.564123,0.916876,-0.012007,0.556875,0.905856,-0.008643,0.559206,0.892625,-0.006251
262,8733,True,0.9986,0.9986,0.579531,0.796416,0.0,0.536411,0.790483,-0.017149,0.500294,0.820038,-0.025266,0.480438,0.86587,-0.028896,0.472093,0.90627,-0.031013,0.534703,0.865033,-0.033123,0.514521,0.928944,-0.041334,0.501288,0.934937,-0.042137,0.495372,0.92681,-0.040808,0.560453,0.882481,-0.02509,0.532259,0.928548,-0.029295,0.521752,0.916916,-0.02653,0.523006,0.899977,-0.025231,0.579203,0.89043,-0.016942,0.550251,0.928431,-0.01834,0.54308,0.915655,-0.012479,0.545568,0.899238,-0.009989,0.591719,0.894489,-0.009959,0.565937,0.920689,-0.011849,0.55893,0.910116,-0.008728,0.561058,0.896595,-0.006452
263,8766,True,0.9974,0.9974,0.578688,0.796679,0.0,0.535652,0.790751,-0.017358,0.500252,0.820414,-0.026137,0.480507,0.866018,-0.030272,0.471027,0.906475,-0.03295,0.534841,0.865655,-0.035646,0.513208,0.931742,-0.044292,0.49724,0.939049,-0.04509,0.489204,0.931863,-0.043791,0.560829,0.883581,-0.027728,0.528863,0.928446,-0.032637,0.518302,0.914474,-0.029248,0.521335,0.896844,-0.027452,0.579535,0.891258,-0.019539,0.547336,0.928899,-0.021214,0.539941,0.914323,-0.013966,0.543673,0.897432,-0.01065,0.591845,0.894745,-0.012563,0.563405,0.920073,-0.014817,0.55632,0.907893,-0.010852,0.559591,0.894125,-0.007952
264,8800,True,0.9973,0.9973,0.578584,0.795186,0.0,0.536563,0.791004,-0.017682,0.501614,0.819702,-0.026412,0.480844,0.864068,-0.030438,0.473083,0.903549,-0.033159,0.534949,0.865623,-0.035399,0.513234,0.929992,-0.04333,0.499345,0.94166,-0.043799,0.492079,0.939217,-0.042403,0.560359,0.882239,-0.027103,0.530851,0.930633,-0.031095,0.519514,0.921643,-0.027948,0.519591,0.905794,-0.02647,0.578526,0.889899,-0.0185,0.549159,0.929516,-0.019764,0.541206,0.918162,-0.01394,0.542824,0.902594,-0.011598,0.590317,0.893769,-0.011082,0.564593,0.921423,-0.013073,0.556875,0.911985,-0.010006,0.557996,0.89924,-0.007817
265,8833,True,0.9984,0.9984,0.57892,0.795935,0.0,0.537111,0.79118,-0.016425,0.502096,0.817819,-0.024712,0.481406,0.861361,-0.0286,0.474136,0.900714,-0.031074,0.535346,0.865652,-0.033118,0.514873,0.928879,-0.040869,0.502365,0.936068,-0.041592,0.496599,0.929714,-0.040298,0.560385,0.882622,-0.025283,0.532427,0.929262,-0.02866,0.521766,0.918772,-0.025829,0.522491,0.901621,-0.024694,0.578562,0.889775,-0.01711,0.550479,0.927763,-0.017505,0.543185,0.91635,-0.011926,0.54533,0.900206,-0.009929,0.590653,0.892862,-0.010055,0.565814,0.919044,-0.011084,0.558797,0.909479,-0.007948,0.560532,0.895989,-0.005859
266,8866,True,0.9983,0.9983,0.579226,0.796564,0.0,0.537524,0.79104,-0.017694,0.501752,0.818165,-0.026728,0.481021,0.861591,-0.030945,0.474871,0.901582,-0.033799,0.535423,0.864322,-0.036537,0.516083,0.927753,-0.044799,0.502402,0.939138,-0.045469,0.495058,0.936537,-0.044118,0.560682,0.882046,-0.028256,0.532351,0.92887,-0.032506,0.52102,0.919482,-0.029315,0.521212,0.903227,-0.027743,0.578806,0.890197,-0.019593,0.549578,0.928247,-0.0208,0.541483,0.91723,-0.015128,0.543157,0.901458,-0.012873,0.590563,0.894232,-0.012081,0.564474,0.920059,-0.013501,0.556656,0.910423,-0.010366,0.558274,0.896867,-0.008216
267,8900,True,0.9982,0.9982,0.579357,0.797605,0.0,0.536531,0.790886,-0.017291,0.500063,0.820134,-0.02583,0.479209,0.865906,-0.029558,0.472266,0.907005,-0.032122,0.534178,0.864705,-0.03602,0.514679,0.929957,-0.043964,0.499335,0.942915,-0.044585,0.490648,0.941066,-0.043295,0.55982,0.882333,-0.027834,0.530164,0.929414,-0.032204,0.51893,0.918542,-0.028894,0.520246,0.901328,-0.027115,0.578534,0.890107,-0.019219,0.548448,0.927993,-0.020132,0.540604,0.915785,-0.013744,0.543254,0.899442,-0.011082,0.591033,0.893817,-0.011773,0.56443,0.918934,-0.013037,0.557043,0.908901,-0.009589,0.559328,0.896023,-0.007262
268,8933,True,0.9981,0.9981,0.579832,0.798022,0.0,0.536947,0.791063,-0.017677,0.500866,0.818893,-0.026225,0.480742,0.864146,-0.029953,0.473603,0.904818,-0.032385,0.534951,0.863805,-0.036233,0.514336,0.929479,-0.044549,0.499119,0.942023,-0.045522,0.490486,0.940537,-0.044589,0.560398,0.882065,-0.028107,0.530238,0.930346,-0.033076,0.518545,0.919288,-0.030285,0.519678,0.90127,-0.028867,0.578932,0.890308,-0.019566,0.548707,0.929974,-0.021266,0.540411,0.917755,-0.015051,0.542847,0.901096,-0.012342,0.591381,0.894354,-0.01223,0.56488,0.921327,-0.014482,0.557144,0.911662,-0.011293,0.559267,0.898569,-0.00901
269,8966,True,0.9982,0.9982,0.5792,0.797914,0.0,0.536085,0.791481,-0.018025,0.500148,0.819763,-0.026558,0.47955,0.86513,-0.030265,0.471585,0.905866,-0.032735,0.534731,0.863479,-0.035832,0.513903,0.929209,-0.044054,0.497903,0.941113,-0.045071,0.488368,0.939269,-0.044248,0.560309,0.881777,-0.027468,0.530637,0.93056,-0.032422,0.518788,0.919623,-0.029808,0.519475,0.901915,-0.028452,0.578997,0.890286,-0.018753,0.549315,0.929835,-0.020331,0.541077,0.917543,-0.0142,0.543131,0.900855,-0.011489,0.591436,0.894544,-0.011301,0.565559,0.921234,-0.013557,0.557755,0.911789,-0.010539,0.55941,0.898791,-0.008287
270,9000,True,0.9978,0.9978,0.578998,0.797499,0.0,0.536416,0.791106,-0.017369,0.501221,0.819137,-0.025596,0.481052,0.864713,-0.02917,0.473631,0.904708,-0.031435,0.534148,0.863804,-0.034801,0.513569,0.929606,-0.04272,0.498979,0.939992,-0.043389,0.490904,0.936729,-0.042318,0.559555,0.881928,-0.026789,0.530109,0.929862,-0.031274,0.518941,0.918541,-0.028377,0.519866,0.901213,-0.026937,0.578263,0.890027,-0.018438,0.548837,0.929146,-0.019661,0.540828,0.91694,-0.013413,0.542833,0.900649,-0.010799,0.590898,0.893804,-0.011331,0.565029,0.919577,-0.013335,0.557508,0.910262,-0.010214,0.55904,0.897769,-0.008003
271,9033,True,0.9975,0.9975,0.579428,0.798096,0.0,0.536953,0.791793,-0.01757,0.501595,0.819287,-0.026159,0.480963,0.864115,-0.030163,0.472939,0.904619,-0.032728,0.535306,0.864462,-0.035116,0.512661,0.931237,-0.043797,0.496608,0.939698,-0.044902,0.48825,0.934968,-0.04392,0.560816,0.882723,-0.027186,0.529017,0.931368,-0.032758,0.518197,0.917435,-0.030154,0.521179,0.898777,-0.028512,0.57927,0.891051,-0.018934,0.547922,0.930528,-0.020783,0.540597,0.916007,-0.013834,0.544491,0.898702,-0.010404,0.591561,0.895008,-0.011979,0.564265,0.921471,-0.014363,0.557433,0.910291,-0.010641,0.560618,0.896897,-0.007755
272,9066,True,0.998,0.998,0.57962,0.797959,0.0,0.536843,0.791166,-0.017219,0.501819,0.818972,-0.025747,0.480967,0.863173,-0.029628,0.472177,0.902663,-0.032092,0.534566,0.865103,-0.035745,0.511403,0.933353,-0.043991,0.49549,0.943717,-0.044415,0.48739,0.940007,-0.042827,0.560066,0.883417,-0.027587,0.527902,0.932986,-0.032123,0.516613,0.920609,-0.028465,0.518971,0.903058,-0.026218,0.57853,0.891788,-0.019026,0.547027,0.931095,-0.020208,0.539419,0.916808,-0.013138,0.543018,0.900106,-0.009736,0.590785,0.895844,-0.01168,0.56336,0.92181,-0.013624,0.556002,0.910584,-0.009888,0.558767,0.897545,-0.007028
273,9100,True,0.9977,0.9977,0.57809,0.796442,0.0,0.535576,0.792373,-0.017584,0.501575,0.820169,-0.026226,0.481089,0.865248,-0.030312,0.472441,0.905162,-0.032985,0.5343,0.865103,-0.034825,0.512696,0.930852,-0.043453,0.498938,0.939659,-0.044607,0.491766,0.935246,-0.043616,0.559405,0.882573,-0.026741,0.530221,0.933891,-0.031284,0.518771,0.924803,-0.028599,0.518681,0.908632,-0.027213,0.577839,0.890959,-0.01838,0.54874,0.931762,-0.019829,0.540939,0.920231,-0.013893,0.542704,0.904285,-0.011232,0.589952,0.895227,-0.011279,0.564109,0.923356,-0.013551,0.556566,0.914078,-0.010524,0.557823,0.901362,-0.00816
274,9133,True,0.9985,0.9985,0.579558,0.794895,0.0,0.53732,0.79026,-0.015445,0.503042,0.81699,-0.023476,0.482118,0.859775,-0.027198,0.472987,0.897972,-0.029489,0.534363,0.861456,-0.033612,0.514495,0.928159,-0.04129,0.502486,0.936479,-0.041408,0.49687,0.930661,-0.039581,0.559269,0.878963,-0.026093,0.531965,0.927849,-0.02903,0.521075,0.918046,-0.025089,0.52068,0.90155,-0.023239,0.577675,0.887373,-0.018157,0.550094,0.926615,-0.018138,0.542561,0.915282,-0.01177,0.54397,0.899425,-0.009334,0.589945,0.891899,-0.011291,0.565336,0.918143,-0.012141,0.557937,0.908788,-0.008705,0.558912,0.896249,-0.006404
275,9166,True,0.9981,0.9981,0.579363,0.795057,0.0,0.537137,0.790287,-0.017238,0.501088,0.818658,-0.025574,0.480874,0.864016,-0.029054,0.471356,0.903516,-0.031255,0.534935,0.86151,-0.036001,0.51523,0.926523,-0.043462,0.502031,0.940308,-0.043212,0.494355,0.939422,-0.041317,0.55965,0.87919,-0.027446,0.531808,0.927321,-0.030263,0.519573,0.9214,-0.026189,0.517274,0.907333,-0.024376,0.577377,0.887985,-0.018494,0.548925,0.926662,-0.018779,0.540379,0.918094,-0.012995,0.540194,0.903989,-0.010929,0.588951,0.893013,-0.010675,0.563689,0.918854,-0.011824,0.555022,0.911777,-0.009099,0.554667,0.901057,-0.007336
276,9200,True,0.998,0.998,0.577748,0.797917,0.0,0.534256,0.791656,-0.016977,0.500069,0.819617,-0.024705,0.480354,0.865735,-0.027851,0.472196,0.905216,-0.029638,0.534849,0.868447,-0.033074,0.513919,0.93086,-0.040291,0.500248,0.937198,-0.040936,0.494059,0.930498,-0.039779,0.560782,0.88491,-0.024726,0.531602,0.931968,-0.027753,0.520167,0.921446,-0.024956,0.521107,0.904751,-0.023803,0.578965,0.890468,-0.016033,0.550519,0.928398,-0.016274,0.542218,0.916737,-0.010757,0.544427,0.900675,-0.008737,0.590797,0.891592,-0.008487,0.56655,0.91691,-0.009616,0.559459,0.907544,-0.006644,0.561372,0.894502,-0.004647
277,9233,True,0.9982,0.9982,0.57887,0.800394,0.0,0.535317,0.792677,-0.018648,0.500615,0.819778,-0.027605,0.480634,0.865632,-0.031417,0.473934,0.905809,-0.034121,0.533408,0.865186,-0.038753,0.511755,0.931107,-0.047122,0.496586,0.945137,-0.047942,0.487566,0.94461,-0.046839,0.559197,0.883678,-0.029667,0.530029,0.932496,-0.033272,0.517628,0.925535,-0.029468,0.516161,0.910483,-0.0278,0.577828,0.891556,-0.020166,0.548664,0.930657,-0.021189,0.539812,0.920072,-0.015344,0.54019,0.904372,-0.013238,0.589863,0.895063,-0.01189,0.564636,0.920759,-0.014117,0.556188,0.911754,-0.011471,0.556408,0.898882,-0.009667
278,9266,True,0.9985,0.9985,0.578254,0.798234,0.0,0.534801,0.791115,-0.0181,0.499761,0.820407,-0.026081,0.479576,0.868338,-0.029244,0.471342,0.910085,-0.031103,0.532743,0.867604,-0.034524,0.509872,0.93244,-0.042229,0.494104,0.940714,-0.042915,0.485149,0.935426,-0.041776,0.558667,0.885756,-0.025701,0.528376,0.934723,-0.029358,0.516123,0.925328,-0.026634,0.515842,0.909869,-0.025337,0.577014,0.893221,-0.016575,0.547362,0.931602,-0.017574,0.538657,0.919352,-0.011954,0.539917,0.903533,-0.009635,0.588786,0.895879,-0.008682,0.56264,0.921538,-0.010932,0.55477,0.9108,-0.008058,0.556209,0.897249,-0.005781
279,9300,True,0.9984,0.9984,0.578546,0.79783,0.0,0.53504,0.791792,-0.017741,0.500513,0.820138,-0.026219,0.47945,0.866446,-0.030155,0.471319,0.908071,-0.032676,0.533535,0.867544,-0.034451,0.509953,0.933391,-0.043046,0.49482,0.941136,-0.044199,0.48714,0.935109,-0.043137,0.559592,0.884892,-0.026155,0.52846,0.935267,-0.030552,0.516594,0.925239,-0.027898,0.517077,0.909396,-0.026514,0.577974,0.892353,-0.017609,0.547769,0.93302,-0.019124,0.539377,0.9206,-0.013109,0.541431,0.904733,-0.010374,0.589648,0.895614,-0.010299,0.563281,0.924047,-0.012825,0.555389,0.913484,-0.009644,0.557114,0.899911,-0.007063
280,9333,True,0.9985,0.9985,0.578631,0.796614,0.0,0.535286,0.791292,-0.017627,0.500375,0.819713,-0.02615,0.479179,0.865281,-0.030238,0.471244,0.906715,-0.033011,0.533207,0.867692,-0.033477,0.510168,0.932513,-0.041718,0.495274,0.942552,-0.042922,0.487274,0.938375,-0.042044,0.558684,0.885117,-0.025321,0.528121,0.933793,-0.029407,0.516175,0.924691,-0.026945,0.515985,0.908882,-0.025841,0.577016,0.892522,-0.016979,0.546695,0.931874,-0.018357,0.53826,0.920401,-0.012907,0.539744,0.904736,-0.010694,0.588884,0.895812,-0.009845,0.562279,0.923517,-0.012187,0.554206,0.913359,-0.009276,0.555427,0.899467,-0.007018
281,9366,True,0.9981,0.9981,0.577863,0.796683,0.0,0.535055,0.793022,-0.017559,0.500626,0.820159,-0.026332,0.479063,0.865211,-0.03082,0.471308,0.906494,-0.034225,0.533173,0.870138,-0.032634,0.509665,0.932249,-0.040469,0.494681,0.942344,-0.041814,0.485794,0.939342,-0.041196,0.558816,0.886575,-0.024591,0.529186,0.936584,-0.02783,0.516214,0.930302,-0.025448,0.513805,0.916234,-0.024535,0.57757,0.892868,-0.016363,0.54899,0.93279,-0.017088,0.539688,0.923231,-0.012165,0.539453,0.908358,-0.010395,0.58974,0.89495,-0.00934,0.56552,0.923394,-0.010973,0.557167,0.914844,-0.008109,0.557225,0.901343,-0.005971
282,9400,True,0.9986,0.9986,0.577585,0.798464,0.0,0.534211,0.793272,-0.019278,0.498486,0.821397,-0.028492,0.476999,0.867107,-0.032876,0.469456,0.909315,-0.035952,0.533699,0.868244,-0.035986,0.509713,0.934022,-0.044622,0.493124,0.945296,-0.045784,0.483525,0.942591,-0.044802,0.559556,0.885416,-0.027039,0.528876,0.937022,-0.031543,0.515206,0.930885,-0.029195,0.51307,0.916877,-0.028121,0.577975,0.893262,-0.017932,0.547423,0.933999,-0.019855,0.537774,0.92362,-0.01479,0.53782,0.908564,-0.012661,0.589723,0.897069,-0.010141,0.56333,0.925721,-0.013051,0.554274,0.916901,-0.010617,0.554262,0.903584,-0.008559
283,9433,True,0.9987,0.9987,0.577705,0.797261,0.0,0.534439,0.792068,-0.017735,0.499645,0.81983,-0.026593,0.478167,0.864607,-0.031192,0.470002,0.906237,-0.034431,0.532673,0.866268,-0.032775,0.510735,0.931758,-0.041545,0.495892,0.941304,-0.043147,0.488211,0.935879,-0.042302,0.558616,0.882912,-0.024741,0.529952,0.93391,-0.02966,0.518501,0.924923,-0.027774,0.518718,0.908453,-0.026722,0.577312,0.890829,-0.016627,0.548322,0.931789,-0.01863,0.540537,0.92017,-0.013355,0.542583,0.903714,-0.010861,0.589466,0.895048,-0.009756,0.563982,0.923841,-0.012313,0.55651,0.913795,-0.009485,0.55799,0.899517,-0.007096
284,9466,True,0.9986,0.9986,0.578262,0.796456,0.0,0.535195,0.790956,-0.017576,0.499898,0.819605,-0.026296,0.478167,0.864829,-0.030721,0.470785,0.906464,-0.033892,0.533333,0.865779,-0.033561,0.510569,0.930973,-0.042561,0.494464,0.940964,-0.044528,0.485716,0.936408,-0.044029,0.559251,0.882236,-0.025716,0.52936,0.934247,-0.031213,0.517468,0.925353,-0.029618,0.517857,0.909244,-0.028633,0.577501,0.890071,-0.017669,0.548046,0.932368,-0.019863,0.539711,0.920971,-0.014533,0.541876,0.90468,-0.011945,0.589059,0.894174,-0.01085,0.563215,0.923642,-0.013506,0.555551,0.913915,-0.010633,0.55738,0.900072,-0.008205
285,9500,True,0.9984,0.9984,0.579697,0.795925,0.0,0.536139,0.79091,-0.017705,0.500745,0.819836,-0.026667,0.479139,0.864615,-0.031045,0.472344,0.906022,-0.034296,0.534624,0.864648,-0.035744,0.512298,0.92989,-0.044575,0.495264,0.943036,-0.046223,0.48493,0.941708,-0.045534,0.560609,0.881407,-0.02769,0.530225,0.934235,-0.033159,0.517517,0.926041,-0.030968,0.517224,0.90947,-0.029511,0.57892,0.889613,-0.019217,0.549115,0.932683,-0.021186,0.539892,0.921591,-0.015575,0.541478,0.904944,-0.012853,0.590451,0.893944,-0.011956,0.564807,0.923663,-0.014364,0.556763,0.91406,-0.011335,0.558329,0.900107,-0.008867
286,9533,True,0.9981,0.9981,0.580853,0.796679,0.0,0.537337,0.790434,-0.017737,0.502154,0.818479,-0.026791,0.480774,0.862917,-0.031372,0.473612,0.904418,-0.034454,0.536641,0.864972,-0.035445,0.513315,0.93198,-0.044915,0.495036,0.941006,-0.046694,0.484871,0.935447,-0.045901,0.562575,0.882222,-0.027631,0.529959,0.934795,-0.033854,0.516982,0.924016,-0.031722,0.518184,0.906734,-0.030127,0.580443,0.890425,-0.019503,0.548947,0.933619,-0.021898,0.539438,0.920817,-0.015542,0.542153,0.903748,-0.012189,0.591518,0.894536,-0.012683,0.564544,0.924005,-0.015504,0.556362,0.913801,-0.012105,0.558954,0.89994,-0.00922
287,9566,True,0.998,0.998,0.581856,0.795635,0.0,0.537629,0.789007,-0.018496,0.501502,0.818478,-0.027688,0.47926,0.86322,-0.032242,0.471342,0.905199,-0.035108,0.536911,0.863492,-0.035683,0.514266,0.933492,-0.045267,0.495285,0.943463,-0.046921,0.484442,0.937716,-0.045907,0.562741,0.881513,-0.027466,0.52886,0.933583,-0.034658,0.516391,0.920823,-0.032807,0.51886,0.902094,-0.030943,0.580382,0.890433,-0.019002,0.547155,0.932072,-0.022065,0.537942,0.917281,-0.015721,0.541393,0.8995,-0.012058,0.591246,0.895598,-0.011939,0.561995,0.922872,-0.015304,0.553897,0.910692,-0.012024,0.556863,0.896303,-0.008988
288,9600,True,0.9977,0.9977,0.580311,0.795771,0.0,0.538457,0.79166,-0.016611,0.502864,0.818373,-0.025332,0.480768,0.862112,-0.02963,0.472452,0.9022,-0.032737,0.535686,0.864634,-0.034435,0.514293,0.930229,-0.042263,0.498225,0.942069,-0.042709,0.488141,0.939651,-0.041036,0.560254,0.881677,-0.026345,0.531244,0.934977,-0.029201,0.517454,0.93055,-0.025686,0.514334,0.916329,-0.023961,0.578363,0.889733,-0.017813,0.549558,0.931579,-0.018086,0.539409,0.923327,-0.012806,0.538715,0.908235,-0.010792,0.590091,0.89399,-0.010351,0.564881,0.922733,-0.011154,0.556,0.915037,-0.007977,0.555882,0.902514,-0.005735
289,9633,True,0.9978,0.9978,0.580788,0.798967,0.0,0.537985,0.792504,-0.018063,0.502485,0.819139,-0.027308,0.48071,0.863381,-0.031497,0.472246,0.904235,-0.034428,0.536348,0.864576,-0.038063,0.513043,0.931209,-0.046574,0.494751,0.944921,-0.047272,0.48324,0.944588,-0.045783,0.561624,0.883174,-0.029267,0.528363,0.933855,-0.033331,0.514109,0.926325,-0.029343,0.512472,0.911067,-0.027058,0.579583,0.891712,-0.019992,0.547535,0.932237,-0.02077,0.537056,0.921729,-0.014247,0.537263,0.905821,-0.01136,0.590757,0.895795,-0.011971,0.563852,0.922194,-0.0137,0.554556,0.913736,-0.010512,0.554906,0.901394,-0.008093
290,9666,True,0.9982,0.9982,0.58033,0.799537,0.0,0.537597,0.79122,-0.017296,0.501638,0.818839,-0.025857,0.480412,0.864124,-0.02967,0.472216,0.904784,-0.032496,0.533455,0.863301,-0.03678,0.511562,0.930711,-0.0453,0.494168,0.946876,-0.04652,0.482698,0.948774,-0.045737,0.559018,0.882032,-0.02874,0.527814,0.93355,-0.033393,0.514628,0.926807,-0.030121,0.513348,0.911845,-0.028404,0.577541,0.890845,-0.020216,0.547741,0.933067,-0.021587,0.538193,0.923229,-0.015331,0.53885,0.907798,-0.012674,0.589392,0.895473,-0.012892,0.563286,0.923548,-0.014977,0.554847,0.915177,-0.011776,0.555909,0.903068,-0.009482
291,9700,True,0.997,0.997,0.57845,0.79904,0.0,0.535474,0.79169,-0.018433,0.499814,0.820851,-0.026936,0.47821,0.866956,-0.030289,0.470821,0.908265,-0.032405,0.534922,0.866487,-0.037822,0.511061,0.933232,-0.046178,0.492795,0.946406,-0.047342,0.481625,0.945845,-0.046467,0.560609,0.8852,-0.028869,0.527574,0.935305,-0.033354,0.514203,0.926547,-0.030332,0.514102,0.910879,-0.028729,0.578337,0.892903,-0.019413,0.547276,0.93394,-0.020693,0.537148,0.922719,-0.014616,0.538291,0.907017,-0.011995,0.588859,0.89612,-0.0112,0.562553,0.923848,-0.013344,0.553993,0.914665,-0.010147,0.555615,0.901974,-0.007775
292,9733,True,0.9982,0.9982,0.57924,0.798958,0.0,0.535206,0.79091,-0.019054,0.498146,0.821552,-0.028546,0.476601,0.868023,-0.032782,0.470813,0.910142,-0.035739,0.534454,0.864713,-0.040561,0.511553,0.934138,-0.050945,0.490191,0.950031,-0.053379,0.47639,0.951417,-0.053269,0.560721,0.883782,-0.031952,0.525834,0.934478,-0.039924,0.513118,0.922076,-0.037413,0.515932,0.903716,-0.035308,0.578433,0.892854,-0.022821,0.545559,0.933647,-0.026798,0.536273,0.919273,-0.019722,0.539921,0.901903,-0.015689,0.589131,0.897393,-0.014974,0.560338,0.924786,-0.01879,0.552327,0.912486,-0.014865,0.555869,0.898201,-0.01155
293,9766,True,0.9967,0.9967,0.579133,0.796526,0.0,0.535453,0.790051,-0.017975,0.498243,0.820971,-0.026686,0.476535,0.868258,-0.03057,0.47035,0.910499,-0.033273,0.533942,0.865317,-0.037143,0.510498,0.932851,-0.046511,0.491138,0.946201,-0.048735,0.478835,0.946335,-0.048784,0.560008,0.883392,-0.029219,0.526186,0.933449,-0.036168,0.514458,0.920509,-0.034225,0.517277,0.902539,-0.032858,0.577848,0.891591,-0.020783,0.546112,0.932287,-0.023603,0.537897,0.917777,-0.016715,0.541709,0.900627,-0.013171,0.589057,0.895441,-0.013679,0.561688,0.923291,-0.016736,0.554464,0.911355,-0.012918,0.55785,0.897544,-0.009907
294,9800,True,0.9974,0.9974,0.578911,0.796717,0.0,0.535371,0.790706,-0.018629,0.499269,0.820201,-0.027913,0.477236,0.86639,-0.032341,0.470137,0.908793,-0.035462,0.535078,0.866526,-0.037542,0.510258,0.933623,-0.04678,0.49116,0.946067,-0.048599,0.479315,0.945903,-0.048298,0.560662,0.884687,-0.029115,0.525931,0.93318,-0.035283,0.513659,0.92027,-0.032757,0.515577,0.903054,-0.031163,0.578022,0.892675,-0.02027,0.544894,0.932189,-0.022783,0.536407,0.917965,-0.016008,0.539555,0.901308,-0.012603,0.588496,0.896722,-0.01278,0.559946,0.923989,-0.015857,0.551861,0.912232,-0.012271,0.554557,0.8981,-0.009367
295,9833,True,0.9983,0.9983,0.578278,0.797551,0.0,0.534258,0.791008,-0.019069,0.49812,0.82058,-0.028351,0.476746,0.866794,-0.032769,0.469418,0.909081,-0.035737,0.535065,0.865529,-0.037147,0.511898,0.932507,-0.046725,0.493998,0.943404,-0.04871,0.483424,0.94044,-0.048404,0.560748,0.88433,-0.028519,0.527612,0.931754,-0.035027,0.51592,0.918836,-0.033034,0.518151,0.900835,-0.031821,0.578341,0.893184,-0.019627,0.545828,0.931344,-0.022447,0.538049,0.91722,-0.016106,0.541549,0.900389,-0.012968,0.589368,0.898049,-0.01214,0.560751,0.924127,-0.015302,0.553171,0.912157,-0.012092,0.556087,0.897817,-0.009465
296,9866,True,0.9985,0.9985,0.578593,0.797233,0.0,0.534759,0.791058,-0.019318,0.49801,0.820602,-0.028927,0.476584,0.866199,-0.0332,0.4689,0.907876,-0.036122,0.534842,0.864876,-0.040027,0.511802,0.932197,-0.049352,0.493335,0.945426,-0.050616,0.481717,0.944549,-0.049629,0.560322,0.883273,-0.030839,0.527134,0.93325,-0.036003,0.513394,0.92455,-0.032593,0.512689,0.908786,-0.030695,0.57791,0.89202,-0.021242,0.545663,0.931502,-0.023267,0.536004,0.919566,-0.017079,0.537225,0.903606,-0.01427,0.588901,0.896405,-0.01293,0.561159,0.923261,-0.015686,0.552208,0.913116,-0.012723,0.553341,0.899939,-0.010395
297,9900,True,0.9985,0.9985,0.579476,0.796192,0.0,0.535538,0.790158,-0.018413,0.498883,0.819879,-0.027595,0.477575,0.865911,-0.032166,0.471253,0.907981,-0.035384,0.535175,0.864807,-0.035696,0.512574,0.931495,-0.044957,0.49531,0.942925,-0.046804,0.485251,0.940163,-0.046213,0.560526,0.88205,-0.027363,0.528608,0.932806,-0.033201,0.516119,0.922826,-0.031144,0.516926,0.906423,-0.02976,0.578272,0.890288,-0.01878,0.54694,0.930177,-0.021045,0.538601,0.917905,-0.015326,0.541243,0.901785,-0.012516,0.589534,0.894926,-0.011507,0.561799,0.922118,-0.013744,0.554052,0.911623,-0.010546,0.556586,0.898055,-0.008017
298,9933,True,0.9976,0.9976,0.579269,0.797154,0.0,0.535586,0.791002,-0.018046,0.4997,0.820489,-0.027454,0.477365,0.865615,-0.032256,0.471613,0.906926,-0.035835,0.535125,0.865513,-0.03692,0.512295,0.930795,-0.046341,0.49366,0.943391,-0.048128,0.482516,0.941694,-0.047463,0.560467,0.882598,-0.028934,0.527714,0.935946,-0.034949,0.513788,0.927528,-0.032473,0.513879,0.911634,-0.030691,0.578417,0.89057,-0.02054,0.546583,0.932993,-0.02295,0.536627,0.921168,-0.016748,0.538814,0.904496,-0.013556,0.589929,0.894324,-0.013403,0.562114,0.922404,-0.015922,0.553354,0.91222,-0.012505,0.555739,0.898168,-0.009757
299,9966,True,0.9984,0.9984,0.5797,0.796863,0.0,0.535549,0.79023,-0.01865,0.500434,0.819302,-0.028044,0.478987,0.864067,-0.032682,0.470346,0.905273,-0.036091,0.535246,0.866555,-0.036131,0.512396,0.931611,-0.044601,0.494525,0.943897,-0.045819,0.483623,0.942139,-0.044927,0.560772,0.883981,-0.027331,0.528469,0.933098,-0.032178,0.515776,0.922947,-0.02927,0.516344,0.906776,-0.02743,0.578725,0.8914,-0.018215,0.546935,0.930223,-0.019921,0.538146,0.917511,-0.013871,0.540556,0.901234,-0.010998,0.58994,0.89474,-0.010376,0.562291,0.920499,-0.012602,0.554171,0.909398,-0.009411,0.556573,0.895457,-0.006886
300,10000,True,0.9981,0.9981,0.579986,0.794437,0.0,0.536372,0.790185,-0.017451,0.500637,0.819576,-0.025944,0.479642,0.864979,-0.029581,0.472905,0.905821,-0.031918,0.535705,0.863487,-0.036088,0.515078,0.928786,-0.043662,0.499506,0.938764,-0.04411,0.490139,0.934568,-0.042798,0.561507,0.88004,-0.027546,0.532226,0.928424,-0.030954,0.5204,0.918882,-0.027421,0.520198,0.902307,-0.025827,0.579788,0.887144,-0.01853,0.550582,0.925385,-0.018715,0.542359,0.913996,-0.012542,0.544086,0.897499,-0.010223,0.591519,0.890192,-0.010736,0.566667,0.916223,-0.011879,0.558835,0.906339,-0.008649,0.560274,0.89247,-0.00648
301,10033,True,0.9978,0.9978,0.579644,0.795502,0.0,0.537029,0.790222,-0.016275,0.5023,0.817603,-0.024376,0.481868,0.862123,-0.028004,0.475127,0.90226,-0.030204,0.534931,0.863936,-0.034446,0.51362,0.930729,-0.042341,0.4987,0.936692,-0.042919,0.491207,0.928926,-0.041541,0.560555,0.881091,-0.026681,0.530094,0.92799,-0.030486,0.519433,0.915272,-0.027325,0.521424,0.897427,-0.025882,0.579099,0.888137,-0.018454,0.549151,0.925795,-0.018702,0.541852,0.912474,-0.012123,0.544907,0.895523,-0.009547,0.591477,0.890924,-0.011414,0.565762,0.915831,-0.01263,0.558878,0.9049,-0.009038,0.561332,0.891215,-0.006567
302,10066,True,0.9975,0.9975,0.579796,0.79548,0.0,0.536745,0.789983,-0.017114,0.501845,0.8175,-0.025625,0.480733,0.862373,-0.029477,0.473528,0.902328,-0.031902,0.535207,0.863315,-0.035631,0.513357,0.929878,-0.044105,0.498913,0.936891,-0.044977,0.491671,0.930179,-0.043736,0.560943,0.880996,-0.027446,0.530132,0.928379,-0.031705,0.51936,0.915509,-0.028508,0.521091,0.897491,-0.026942,0.57952,0.888955,-0.01887,0.549199,0.92645,-0.019482,0.54218,0.912863,-0.012807,0.545427,0.895838,-0.010059,0.591804,0.892818,-0.011555,0.565915,0.917854,-0.012944,0.559229,0.906605,-0.00941,0.561697,0.892848,-0.006949
303,10100,True,0.9974,0.9974,0.579356,0.796174,0.0,0.536391,0.790201,-0.016789,0.501608,0.817656,-0.025374,0.48094,0.862539,-0.029373,0.473145,0.902206,-0.031967,0.5346,0.861832,-0.036261,0.513159,0.929796,-0.045085,0.498848,0.937282,-0.045953,0.491861,0.930523,-0.044587,0.560249,0.879917,-0.02838,0.529199,0.928355,-0.033226,0.518828,0.914606,-0.029925,0.521475,0.895707,-0.028079,0.578786,0.888109,-0.020032,0.54817,0.92713,-0.021091,0.541483,0.912551,-0.013952,0.545335,0.894863,-0.010738,0.591167,0.892007,-0.012909,0.564642,0.917495,-0.014666,0.558204,0.905804,-0.010922,0.561166,0.892023,-0.008234
304,10133,True,0.9974,0.9974,0.579344,0.796456,0.0,0.536937,0.790093,-0.017178,0.501422,0.817669,-0.02557,0.480619,0.863113,-0.029303,0.473688,0.904064,-0.031881,0.534394,0.863274,-0.035788,0.513244,0.928833,-0.043947,0.497965,0.93869,-0.044976,0.489191,0.934881,-0.044167,0.560268,0.881308,-0.02779,0.53035,0.927791,-0.03225,0.519473,0.915508,-0.029495,0.520994,0.897247,-0.028295,0.579201,0.889017,-0.019333,0.54965,0.926269,-0.020259,0.542445,0.913154,-0.013868,0.545362,0.895928,-0.011283,0.591969,0.892388,-0.012082,0.566783,0.917674,-0.013733,0.559575,0.906969,-0.01028,0.56188,0.892903,-0.007862
305,10166,True,0.9974,0.9974,0.578455,0.796632,0.0,0.536655,0.790468,-0.01746,0.502082,0.818414,-0.026045,0.481293,0.863456,-0.029955,0.47322,0.903657,-0.03254,0.535418,0.865099,-0.035842,0.512416,0.931241,-0.044289,0.496692,0.939373,-0.045125,0.488492,0.933755,-0.043945,0.560795,0.882791,-0.027573,0.529156,0.928981,-0.032233,0.518412,0.915613,-0.029246,0.520739,0.897756,-0.02773,0.578973,0.890248,-0.018917,0.54798,0.927492,-0.020244,0.54094,0.913166,-0.013632,0.544501,0.896112,-0.010721,0.590927,0.893497,-0.011474,0.564472,0.919318,-0.013558,0.557378,0.90769,-0.009987,0.560185,0.89357,-0.007328
306,10200,True,0.9979,0.9979,0.578581,0.797665,0.0,0.536069,0.791545,-0.018915,0.500798,0.819663,-0.028245,0.480248,0.865702,-0.032288,0.475312,0.906372,-0.034956,0.535686,0.86359,-0.040318,0.512762,0.93047,-0.049166,0.49658,0.940803,-0.049749,0.487599,0.937119,-0.048371,0.561384,0.881522,-0.031329,0.530379,0.930797,-0.036106,0.518419,0.921912,-0.032701,0.51844,0.906277,-0.031186,0.579505,0.890269,-0.021826,0.548478,0.929432,-0.023478,0.540241,0.917896,-0.017335,0.541898,0.902204,-0.014932,0.591166,0.894886,-0.013581,0.564346,0.921714,-0.016159,0.556456,0.911814,-0.013253,0.557638,0.898559,-0.011195
307,10233,True,0.998,0.998,0.57878,0.797833,0.0,0.535908,0.791212,-0.018059,0.500271,0.819013,-0.026923,0.479836,0.864911,-0.030792,0.473865,0.90531,-0.033379,0.534516,0.862857,-0.038362,0.512715,0.929098,-0.04712,0.497679,0.938911,-0.047853,0.489643,0.934475,-0.046488,0.560195,0.880648,-0.029671,0.530192,0.928954,-0.034038,0.519204,0.919106,-0.030425,0.519885,0.90335,-0.02867,0.578419,0.889248,-0.020531,0.548265,0.927426,-0.021886,0.541259,0.914902,-0.015382,0.543861,0.898867,-0.012608,0.590434,0.893815,-0.012605,0.563852,0.919631,-0.014758,0.556889,0.908875,-0.011509,0.558828,0.895673,-0.00914
308,10266,True,0.9984,0.9984,0.578231,0.798672,0.0,0.535403,0.791249,-0.0176,0.500463,0.819176,-0.026406,0.480232,0.865014,-0.030226,0.472704,0.905453,-0.032745,0.534709,0.8633,-0.038772,0.511675,0.931533,-0.04772,0.495607,0.939824,-0.048462,0.487521,0.933489,-0.046945,0.560483,0.881457,-0.030118,0.529044,0.929367,-0.034619,0.518193,0.91761,-0.030806,0.520445,0.900742,-0.028746,0.578628,0.889596,-0.020903,0.548368,0.926941,-0.021871,0.541399,0.913384,-0.014889,0.544949,0.896922,-0.011802,0.590461,0.893493,-0.012873,0.564757,0.919192,-0.014692,0.557916,0.907873,-0.011064,0.56081,0.89452,-0.008387
309,10300,True,0.9983,0.9983,0.578617,0.79756,0.0,0.534695,0.79038,-0.018511,0.498949,0.819915,-0.02771,0.478006,0.865952,-0.031587,0.470097,0.906731,-0.03412,0.534303,0.864094,-0.040178,0.511407,0.931761,-0.049093,0.493647,0.94396,-0.049522,0.483843,0.940161,-0.047782,0.560687,0.88229,-0.031137,0.527821,0.931203,-0.035952,0.515239,0.921374,-0.031892,0.516219,0.90503,-0.029588,0.578938,0.890852,-0.02158,0.547051,0.930234,-0.023067,0.537968,0.917645,-0.016416,0.540299,0.901139,-0.013505,0.59048,0.894874,-0.013208,0.563143,0.921485,-0.015644,0.554915,0.911013,-0.01252,0.55675,0.897837,-0.010174
310,10333,True,0.9983,0.9983,0.579358,0.797608,0.0,0.53565,0.789861,-0.018679,0.499728,0.818736,-0.028219,0.477956,0.864146,-0.032513,0.471404,0.905486,-0.035432,0.535191,0.862527,-0.041065,0.511483,0.931928,-0.050742,0.492751,0.943351,-0.051814,0.482086,0.94032,-0.050605,0.561374,0.881408,-0.032327,0.527616,0.933334,-0.038316,0.514953,0.922309,-0.034974,0.516608,0.905212,-0.032992,0.579461,0.890763,-0.022994,0.546695,0.932214,-0.024928,0.537859,0.918866,-0.017938,0.540968,0.901826,-0.01467,0.590814,0.89546,-0.014942,0.562968,0.924298,-0.017557,0.555034,0.91344,-0.01417,0.557673,0.899701,-0.011623
311,10366,True,0.9981,0.9981,0.578651,0.797646,0.0,0.534926,0.790564,-0.018631,0.499854,0.818969,-0.028174,0.478569,0.86453,-0.03267,0.471273,0.90576,-0.035812,0.534713,0.86469,-0.039275,0.510796,0.93288,-0.048899,0.49303,0.942615,-0.050328,0.483163,0.938393,-0.049418,0.560702,0.883136,-0.030692,0.527324,0.934392,-0.03639,0.51502,0.923428,-0.033433,0.516633,0.906686,-0.031739,0.579212,0.891879,-0.021647,0.546848,0.932885,-0.023584,0.538577,0.919425,-0.016885,0.541817,0.902686,-0.013747,0.591231,0.896069,-0.013888,0.563908,0.924949,-0.016602,0.556198,0.914139,-0.013244,0.558829,0.900426,-0.010626
312,10400,True,0.998,0.998,0.578354,0.79857,0.0,0.535054,0.79263,-0.018933,0.501093,0.819908,-0.027352,0.481045,0.864218,-0.030958,0.471292,0.902907,-0.033268,0.534294,0.869593,-0.034022,0.511442,0.932061,-0.042083,0.495746,0.942172,-0.043323,0.486261,0.938566,-0.042721,0.559403,0.887134,-0.025049,0.530119,0.933715,-0.02917,0.517489,0.925212,-0.026919,0.515813,0.909191,-0.026153,0.577769,0.894432,-0.016054,0.548518,0.932153,-0.018182,0.539544,0.920891,-0.013548,0.539808,0.905036,-0.011797,0.590133,0.897214,-0.008328,0.565255,0.924403,-0.011686,0.556499,0.915112,-0.00972,0.556469,0.90134,-0.008042
313,10433,True,0.9978,0.9978,0.577848,0.799077,0.0,0.53464,0.792341,-0.020069,0.500063,0.820575,-0.029191,0.480318,0.86592,-0.033007,0.472089,0.9059,-0.035459,0.533825,0.868218,-0.038379,0.510276,0.932859,-0.04714,0.493186,0.942502,-0.048007,0.483109,0.937668,-0.046849,0.559104,0.886228,-0.028767,0.528262,0.933718,-0.033407,0.514812,0.925068,-0.03055,0.51323,0.908691,-0.029292,0.577316,0.89412,-0.019,0.54637,0.93231,-0.021557,0.536358,0.920455,-0.016675,0.53638,0.90416,-0.014742,0.589498,0.897204,-0.010503,0.562699,0.92393,-0.014376,0.553068,0.914329,-0.012527,0.552937,0.900734,-0.010892
314,10466,True,0.9978,0.9978,0.578504,0.797614,0.0,0.53536,0.791151,-0.018769,0.500747,0.819537,-0.027541,0.480845,0.864621,-0.031505,0.470907,0.904412,-0.034145,0.533474,0.866853,-0.035582,0.50994,0.931975,-0.044119,0.493524,0.941408,-0.045162,0.484106,0.936799,-0.044192,0.558916,0.884251,-0.026832,0.528303,0.933322,-0.031627,0.51623,0.923815,-0.029147,0.516473,0.907228,-0.027939,0.577306,0.891945,-0.017903,0.546915,0.931603,-0.020233,0.538388,0.919053,-0.014783,0.540342,0.902339,-0.012303,0.589604,0.895254,-0.010223,0.563404,0.923581,-0.013706,0.555076,0.913356,-0.011175,0.556496,0.899473,-0.008957
315,10500,True,0.9979,0.9979,0.578979,0.798169,0.0,0.535516,0.791288,-0.018615,0.500728,0.819575,-0.027106,0.480127,0.86438,-0.030847,0.470666,0.904517,-0.033307,0.533443,0.867467,-0.035239,0.510577,0.932293,-0.04399,0.493729,0.942971,-0.045636,0.483573,0.939826,-0.04527,0.558782,0.885507,-0.026757,0.527836,0.933299,-0.032013,0.51574,0.923191,-0.029879,0.515952,0.906312,-0.028931,0.577118,0.893621,-0.01814,0.546281,0.932187,-0.020629,0.537845,0.919652,-0.015022,0.539814,0.903307,-0.012497,0.589359,0.897286,-0.010832,0.562518,0.924501,-0.014311,0.554444,0.914366,-0.011725,0.55601,0.900962,-0.009563
316,10533,True,0.9973,0.9973,0.578361,0.798404,0.0,0.535224,0.791887,-0.018552,0.500952,0.819482,-0.027023,0.480749,0.864169,-0.030976,0.471707,0.904351,-0.033717,0.532969,0.868658,-0.033677,0.510443,0.932126,-0.042549,0.493868,0.942072,-0.044642,0.483794,0.938471,-0.044637,0.558203,0.886114,-0.025497,0.528302,0.933914,-0.030913,0.516259,0.924135,-0.029339,0.516106,0.907574,-0.028746,0.57675,0.893702,-0.017307,0.547068,0.932622,-0.020068,0.538473,0.920743,-0.014828,0.540017,0.904538,-0.012447,0.589303,0.896822,-0.010448,0.563451,0.924837,-0.014189,0.55519,0.91529,-0.011715,0.556382,0.901651,-0.009546
317,10566,True,0.9971,0.9971,0.578021,0.798698,0.0,0.535178,0.791677,-0.019416,0.500582,0.819822,-0.028341,0.479974,0.864533,-0.032442,0.469956,0.90433,-0.035375,0.533302,0.867907,-0.035989,0.509749,0.931589,-0.045017,0.492403,0.943377,-0.046878,0.481634,0.942406,-0.046762,0.558364,0.885769,-0.027396,0.527383,0.934373,-0.033033,0.515122,0.924555,-0.030965,0.515144,0.908362,-0.029982,0.576634,0.893691,-0.018727,0.545855,0.933648,-0.021758,0.537514,0.921016,-0.016081,0.53958,0.904777,-0.013351,0.588836,0.89717,-0.01143,0.562252,0.926235,-0.015404,0.554116,0.916345,-0.012815,0.555725,0.902927,-0.010563
318,10600,True,0.9981,0.9981,0.578302,0.798788,0.0,0.535359,0.791803,-0.01898,0.500265,0.819581,-0.027972,0.479264,0.863829,-0.032225,0.468933,0.90366,-0.035376,0.532166,0.867366,-0.035789,0.509204,0.93181,-0.045324,0.491678,0.944147,-0.047711,0.48042,0.943484,-0.047837,0.55772,0.885446,-0.027483,0.527143,0.935351,-0.033431,0.514048,0.926988,-0.031724,0.512898,0.911276,-0.030901,0.576487,0.893669,-0.019091,0.546275,0.934711,-0.022124,0.536889,0.92351,-0.016791,0.537827,0.907594,-0.014253,0.588965,0.89758,-0.012049,0.562483,0.927425,-0.016033,0.553569,0.91829,-0.013583,0.554417,0.904951,-0.011345
319,10633,True,0.9982,0.9982,0.577568,0.799598,0.0,0.534934,0.792687,-0.018618,0.499868,0.819536,-0.027195,0.47897,0.864214,-0.031342,0.470776,0.905042,-0.034378,0.531425,0.868137,-0.033374,0.508618,0.93057,-0.043084,0.492397,0.941825,-0.04603,0.482276,0.939849,-0.046399,0.556316,0.885614,-0.025385,0.527631,0.937084,-0.030962,0.514206,0.93325,-0.030139,0.511068,0.920714,-0.030054,0.574637,0.893861,-0.017467,0.545661,0.935631,-0.020522,0.535676,0.927734,-0.016431,0.53487,0.913754,-0.01467,0.586646,0.897992,-0.010872,0.560775,0.929091,-0.014671,0.551457,0.922025,-0.01259,0.551105,0.909524,-0.010624
320,10666,True,0.9982,0.9982,0.578752,0.798638,0.0,0.535281,0.790511,-0.017601,0.499002,0.819026,-0.025667,0.477958,0.864666,-0.029194,0.46975,0.905763,-0.03154,0.531974,0.863271,-0.034835,0.509712,0.928962,-0.043375,0.493495,0.940149,-0.044858,0.483987,0.937092,-0.044302,0.557527,0.881425,-0.026917,0.527566,0.932719,-0.031991,0.515215,0.925233,-0.030037,0.514972,0.90983,-0.029149,0.575537,0.890007,-0.018695,0.545987,0.931714,-0.020755,0.5368,0.921541,-0.015609,0.537929,0.906135,-0.013404,0.586833,0.894366,-0.011677,0.560932,0.923847,-0.014525,0.552785,0.915115,-0.01192,0.554253,0.901993,-0.009878
321,10700,True,0.9982,0.9982,0.578259,0.798099,0.0,0.534309,0.790868,-0.018336,0.498943,0.819186,-0.026852,0.477318,0.864951,-0.030559,0.469107,0.906569,-0.032993,0.532861,0.864506,-0.035186,0.511008,0.928676,-0.042998,0.495413,0.939807,-0.043692,0.48629,0.936678,-0.04251,0.55841,0.882632,-0.026372,0.528882,0.932019,-0.029819,0.51554,0.92637,-0.026914,0.512929,0.912559,-0.025663,0.576499,0.891025,-0.017328,0.546812,0.930821,-0.018037,0.536334,0.92268,-0.013133,0.535088,0.908848,-0.011452,0.587484,0.895223,-0.009533,0.561931,0.922822,-0.011291,0.552705,0.91558,-0.008917,0.552297,0.903562,-0.007237
322,10733,True,0.9985,0.9985,0.579004,0.79803,0.0,0.535548,0.78963,-0.018258,0.499912,0.818261,-0.02691,0.478351,0.863572,-0.030881,0.469903,0.904475,-0.033479,0.533171,0.864365,-0.035435,0.511335,0.929682,-0.044404,0.495634,0.939371,-0.046058,0.487226,0.934536,-0.045462,0.559,0.882655,-0.027102,0.528927,0.930249,-0.032215,0.516803,0.920464,-0.02998,0.51696,0.904242,-0.028975,0.577186,0.89089,-0.018601,0.547172,0.930181,-0.020385,0.537816,0.919335,-0.014924,0.538911,0.903961,-0.012737,0.588567,0.894932,-0.011405,0.562293,0.921825,-0.013986,0.553774,0.912714,-0.011335,0.554992,0.899715,-0.009355
323,10766,True,0.9984,0.9984,0.578714,0.796686,0.0,0.535307,0.790102,-0.017372,0.50004,0.818578,-0.025371,0.478682,0.863946,-0.0289,0.469332,0.904579,-0.03109,0.533229,0.864939,-0.032969,0.511389,0.928612,-0.041144,0.496983,0.937698,-0.042499,0.489334,0.932884,-0.041786,0.558589,0.882713,-0.024911,0.52905,0.930841,-0.029066,0.516814,0.922559,-0.026967,0.516008,0.9071,-0.026161,0.576657,0.890515,-0.016698,0.547417,0.929934,-0.017942,0.537928,0.920274,-0.013053,0.538095,0.905617,-0.011262,0.588073,0.894225,-0.009682,0.56276,0.9216,-0.011691,0.554249,0.913482,-0.009144,0.554575,0.901212,-0.007289
324,10800,True,0.9986,0.9986,0.578837,0.799076,0.0,0.535274,0.791564,-0.01884,0.500506,0.817571,-0.028077,0.479445,0.862668,-0.032275,0.471641,0.903877,-0.035221,0.533561,0.864769,-0.038409,0.510349,0.930446,-0.046598,0.493511,0.941177,-0.047022,0.483128,0.938837,-0.04577,0.55941,0.883573,-0.029529,0.528017,0.933305,-0.03344,0.514803,0.924571,-0.02971,0.513478,0.908715,-0.027967,0.577982,0.891766,-0.020231,0.547666,0.931817,-0.021004,0.538048,0.92097,-0.014646,0.538563,0.90487,-0.012148,0.58994,0.895309,-0.012286,0.564478,0.922169,-0.014375,0.555793,0.91359,-0.01151,0.556522,0.900728,-0.009463
325,10833,True,0.9987,0.9987,0.578874,0.799667,0.0,0.535624,0.791454,-0.018215,0.499447,0.819191,-0.026828,0.478886,0.865191,-0.030464,0.472442,0.906234,-0.032811,0.533265,0.866544,-0.037279,0.510563,0.931516,-0.045978,0.494291,0.940216,-0.047039,0.485458,0.934484,-0.045986,0.55927,0.88511,-0.028585,0.52868,0.931929,-0.033403,0.517576,0.920926,-0.030626,0.518882,0.904291,-0.029305,0.577681,0.893677,-0.019483,0.548175,0.931423,-0.02129,0.540313,0.918761,-0.015424,0.542937,0.902494,-0.012965,0.589864,0.897963,-0.011566,0.563816,0.923662,-0.014083,0.556585,0.912763,-0.011025,0.559104,0.899165,-0.008721
326,10866,True,0.9987,0.9987,0.579336,0.799249,0.0,0.535515,0.791207,-0.019037,0.498734,0.820269,-0.027859,0.477582,0.866773,-0.031515,0.471264,0.908203,-0.033814,0.533776,0.866304,-0.038309,0.510674,0.931874,-0.047366,0.494174,0.940471,-0.048588,0.485709,0.934273,-0.04748,0.559661,0.884999,-0.029139,0.529263,0.933533,-0.034077,0.517268,0.923716,-0.031512,0.518053,0.907177,-0.030255,0.577944,0.893852,-0.019609,0.548667,0.932542,-0.021391,0.540155,0.920473,-0.015954,0.54241,0.904302,-0.013734,0.589831,0.898325,-0.011315,0.563894,0.924621,-0.013798,0.556176,0.914288,-0.011045,0.558433,0.900675,-0.008944
327,10900,True,0.9981,0.9981,0.579262,0.799712,0.0,0.535303,0.791929,-0.019097,0.49888,0.819835,-0.028135,0.477855,0.865322,-0.031911,0.471552,0.906034,-0.034233,0.534452,0.865629,-0.03934,0.511146,0.931619,-0.048593,0.493846,0.941404,-0.049847,0.484247,0.936777,-0.048938,0.560244,0.885012,-0.030342,0.527218,0.931835,-0.036158,0.51549,0.91951,-0.033456,0.517492,0.901819,-0.031963,0.578114,0.894022,-0.020892,0.546087,0.931728,-0.023344,0.537737,0.917778,-0.016948,0.540849,0.900789,-0.013904,0.589754,0.89804,-0.012721,0.561729,0.923367,-0.015899,0.554006,0.912142,-0.012848,0.556709,0.898514,-0.010382
328,10933,True,0.9984,0.9984,0.57941,0.79928,0.0,0.535767,0.790701,-0.018541,0.499605,0.818781,-0.02719,0.478834,0.864714,-0.03078,0.473591,0.905462,-0.033052,0.534196,0.864891,-0.03833,0.511348,0.930233,-0.047206,0.494645,0.940591,-0.048478,0.485021,0.937064,-0.047838,0.56004,0.884057,-0.02978,0.527821,0.929566,-0.035344,0.516809,0.916936,-0.032688,0.518991,0.899276,-0.031473,0.577978,0.892695,-0.020773,0.546542,0.929985,-0.023136,0.538745,0.916264,-0.016708,0.542063,0.899524,-0.01388,0.589776,0.896733,-0.013041,0.561923,0.922139,-0.016172,0.554547,0.910428,-0.012974,0.557524,0.896263,-0.010599
329,10966,True,0.9982,0.9982,0.578667,0.801016,0.0,0.535281,0.791839,-0.018915,0.499742,0.819146,-0.027683,0.479554,0.864345,-0.031206,0.472182,0.904336,-0.033309,0.53454,0.865353,-0.039073,0.510976,0.931545,-0.047526,0.493412,0.9413,-0.048162,0.483106,0.937693,-0.047074,0.560054,0.884806,-0.030031,0.526863,0.93196,-0.034882,0.51424,0.921088,-0.031482,0.514878,0.904737,-0.029863,0.577801,0.894082,-0.020552,0.545385,0.93315,-0.02263,0.53619,0.920261,-0.016375,0.538194,0.904234,-0.013701,0.589082,0.898813,-0.01233,0.560966,0.925326,-0.015589,0.552398,0.91492,-0.01287,0.554234,0.901681,-0.010808
330,11000,True,0.9982,0.9982,0.579444,0.798514,0.0,0.535591,0.790197,-0.019411,0.499601,0.818909,-0.02847,0.479256,0.864699,-0.032172,0.471462,0.905213,-0.03455,0.534874,0.866307,-0.038728,0.511143,0.931773,-0.047168,0.493091,0.941844,-0.047984,0.482153,0.937795,-0.046961,0.560738,0.885117,-0.029356,0.527831,0.931961,-0.034031,0.515292,0.920597,-0.030811,0.516083,0.903494,-0.029224,0.578769,0.893369,-0.019625,0.547021,0.931766,-0.021582,0.537788,0.918338,-0.015622,0.54002,0.901651,-0.013117,0.590354,0.896978,-0.01116,0.563217,0.923393,-0.014258,0.554804,0.912272,-0.01154,0.556913,0.898554,-0.009449
331,11033,True,0.9981,0.9981,0.578667,0.800212,0.0,0.534914,0.791711,-0.020177,0.49986,0.819462,-0.030013,0.478706,0.865156,-0.034223,0.470699,0.905889,-0.037176,0.534503,0.86522,-0.042571,0.511199,0.932675,-0.052261,0.492024,0.944565,-0.053609,0.479657,0.942914,-0.052913,0.560249,0.88521,-0.033115,0.526724,0.934255,-0.038653,0.512802,0.924188,-0.035066,0.511845,0.907437,-0.033328,0.578415,0.894554,-0.023225,0.545995,0.93441,-0.02572,0.535939,0.921958,-0.019302,0.537018,0.905227,-0.016549,0.589896,0.899212,-0.014689,0.562221,0.926999,-0.018365,0.553019,0.917073,-0.015645,0.554003,0.903674,-0.013542
332,11066,True,0.9977,0.9977,0.579013,0.799448,0.0,0.534297,0.790824,-0.019911,0.498777,0.820284,-0.029322,0.4789,0.86731,-0.033148,0.470893,0.90798,-0.035526,0.534509,0.863679,-0.041852,0.510942,0.932336,-0.050748,0.492425,0.943257,-0.051096,0.481554,0.940139,-0.049747,0.56046,0.883391,-0.03252,0.526212,0.931945,-0.038356,0.513877,0.919334,-0.034672,0.515907,0.901499,-0.032596,0.578262,0.89272,-0.022681,0.544761,0.932433,-0.025361,0.535828,0.917659,-0.018419,0.539023,0.900131,-0.015135,0.589568,0.897453,-0.014176,0.560738,0.924678,-0.017999,0.552411,0.91289,-0.01503,0.555031,0.898879,-0.01267
333,11100,True,0.9982,0.9982,0.579676,0.798068,0.0,0.535151,0.790042,-0.019492,0.499352,0.819567,-0.028526,0.478407,0.865622,-0.032101,0.469352,0.906118,-0.034247,0.534711,0.865118,-0.040354,0.510955,0.932593,-0.049113,0.491907,0.943632,-0.049653,0.480113,0.940388,-0.048348,0.560478,0.884684,-0.030941,0.526361,0.933073,-0.035996,0.513106,0.921687,-0.032276,0.51367,0.904412,-0.030191,0.57813,0.893603,-0.021068,0.544998,0.931925,-0.023084,0.535773,0.917799,-0.016294,0.538255,0.900702,-0.013123,0.589212,0.897614,-0.01252,0.560546,0.923916,-0.015737,0.552023,0.912404,-0.01268,0.554154,0.898653,-0.010212
334,11133,True,0.9983,0.9983,0.579964,0.797005,0.0,0.53629,0.789536,-0.017455,0.501044,0.818224,-0.025529,0.479507,0.863864,-0.028961,0.4722,0.903884,-0.03078,0.534457,0.864299,-0.035449,0.510524,0.930516,-0.044063,0.495144,0.936649,-0.044803,0.487949,0.929585,-0.043454,0.559924,0.88322,-0.027272,0.527837,0.931011,-0.03221,0.51746,0.917962,-0.029407,0.52039,0.900778,-0.027935,0.577859,0.892327,-0.018754,0.546225,0.930508,-0.020365,0.539411,0.915856,-0.013687,0.543688,0.899227,-0.0106,0.589627,0.896954,-0.011501,0.561779,0.923262,-0.01376,0.555276,0.911446,-0.010222,0.558768,0.897773,-0.007566
335,11166,True,0.9987,0.9987,0.579404,0.798846,0.0,0.535441,0.790885,-0.01948,0.500138,0.818771,-0.028827,0.479065,0.863993,-0.03277,0.470754,0.904385,-0.03533,0.534155,0.864729,-0.04121,0.50949,0.931317,-0.050336,0.491662,0.943309,-0.051084,0.480985,0.941594,-0.049818,0.560201,0.884525,-0.031906,0.526705,0.933546,-0.037007,0.51358,0.924432,-0.033481,0.5133,0.90854,-0.031664,0.578083,0.894065,-0.022071,0.544943,0.933781,-0.024344,0.53526,0.921765,-0.018107,0.536645,0.905747,-0.015316,0.589006,0.898826,-0.0135,0.560185,0.926279,-0.016896,0.551109,0.916221,-0.01413,0.552405,0.902871,-0.011886
336,11200,True,0.9987,0.9987,0.57866,0.797969,0.0,0.5359,0.790368,-0.018796,0.500009,0.818002,-0.027798,0.478636,0.863124,-0.031564,0.470837,0.903833,-0.034068,0.533336,0.866233,-0.038964,0.509662,0.932703,-0.0477,0.492334,0.942292,-0.048625,0.482306,0.937793,-0.047621,0.558992,0.885225,-0.029891,0.527537,0.932164,-0.03434,0.515503,0.92136,-0.031143,0.51575,0.904998,-0.029859,0.577299,0.893316,-0.020386,0.546764,0.931213,-0.021929,0.53823,0.918578,-0.015874,0.539918,0.902328,-0.013574,0.589269,0.896841,-0.0121,0.562673,0.923529,-0.014878,0.554379,0.912692,-0.011919,0.556033,0.898732,-0.009752
337,11233,True,0.9984,0.9984,0.579081,0.796918,0.0,0.536235,0.790278,-0.018662,0.500079,0.818459,-0.02763,0.477778,0.863639,-0.031512,0.470201,0.904745,-0.034325,0.533312,0.866281,-0.038391,0.509772,0.931474,-0.047641,0.492303,0.943339,-0.04942,0.481391,0.941063,-0.04901,0.55838,0.884673,-0.029563,0.527983,0.933082,-0.033756,0.514771,0.925894,-0.030973,0.512524,0.911432,-0.030203,0.576656,0.892436,-0.0204,0.546907,0.930981,-0.021904,0.537528,0.920801,-0.016516,0.537567,0.90565,-0.014739,0.588732,0.89561,-0.01243,0.563022,0.923722,-0.014931,0.554129,0.914535,-0.012062,0.554601,0.901075,-0.010068
338,11266,True,0.9979,0.9979,0.578691,0.796574,0.0,0.536697,0.790233,-0.017372,0.501595,0.816588,-0.025977,0.479594,0.860321,-0.029972,0.472591,0.900348,-0.032864,0.532482,0.865815,-0.036171,0.509442,0.929511,-0.044453,0.494686,0.938116,-0.045462,0.48654,0.933451,-0.044598,0.557594,0.883758,-0.028091,0.528545,0.930789,-0.031736,0.517568,0.920923,-0.028775,0.517435,0.904606,-0.027851,0.576289,0.891108,-0.01961,0.547502,0.928995,-0.020664,0.539848,0.917529,-0.015008,0.541439,0.901513,-0.013072,0.58902,0.894107,-0.012259,0.563944,0.921873,-0.014327,0.556382,0.911449,-0.011176,0.557886,0.897069,-0.009043
339,11300,True,0.9979,0.9979,0.578467,0.797247,0.0,0.535924,0.790691,-0.018529,0.500155,0.817081,-0.027994,0.478212,0.862062,-0.032352,0.469387,0.903527,-0.035812,0.531643,0.865838,-0.03892,0.50766,0.930786,-0.047483,0.490565,0.943251,-0.048561,0.479292,0.942306,-0.047715,0.557335,0.884581,-0.029969,0.526159,0.931297,-0.033408,0.513134,0.922826,-0.029769,0.510798,0.907221,-0.028381,0.576389,0.892307,-0.020575,0.546136,0.93004,-0.021576,0.536325,0.919372,-0.016013,0.535751,0.903646,-0.014198,0.588992,0.895575,-0.012312,0.563484,0.921913,-0.014404,0.554074,0.912566,-0.011502,0.554,0.899124,-0.009518
340,11333,True,0.9968,0.9968,0.578801,0.796063,0.0,0.536078,0.789553,-0.018371,0.500158,0.817155,-0.027061,0.478429,0.861328,-0.030912,0.470924,0.902128,-0.033547,0.532431,0.865507,-0.036623,0.509363,0.929773,-0.045354,0.492669,0.94127,-0.046793,0.482636,0.938936,-0.046158,0.557178,0.884134,-0.028046,0.525882,0.93061,-0.03282,0.514064,0.919305,-0.030223,0.514584,0.901469,-0.02907,0.574989,0.892086,-0.019173,0.543884,0.929779,-0.021401,0.535392,0.917078,-0.015834,0.537271,0.900606,-0.013466,0.586592,0.895716,-0.011488,0.559349,0.922526,-0.014361,0.550931,0.911693,-0.011387,0.552606,0.897601,-0.009147
341,11366,True,0.9977,0.9977,0.578567,0.795525,0.0,0.535895,0.79029,-0.017841,0.500264,0.817854,-0.026548,0.477991,0.862335,-0.03053,0.469947,0.903263,-0.03337,0.532334,0.865831,-0.035399,0.509321,0.929156,-0.042993,0.493342,0.941494,-0.043527,0.483605,0.940266,-0.042392,0.557456,0.883768,-0.026868,0.527158,0.930682,-0.030123,0.515175,0.921313,-0.026771,0.513973,0.905413,-0.025334,0.575755,0.891348,-0.017996,0.545552,0.928661,-0.018617,0.537025,0.91748,-0.012764,0.537638,0.902042,-0.010606,0.5877,0.894648,-0.010336,0.561657,0.920436,-0.011871,0.553478,0.910761,-0.008717,0.554298,0.89773,-0.006567
342,11400,True,0.9977,0.9977,0.578459,0.796818,0.0,0.535085,0.790815,-0.018441,0.49945,0.818033,-0.027793,0.477248,0.862658,-0.032141,0.468743,0.904178,-0.035405,0.532002,0.865198,-0.038543,0.508155,0.930001,-0.047297,0.490797,0.942544,-0.048429,0.479929,0.941727,-0.047521,0.557688,0.883455,-0.029867,0.526205,0.933162,-0.034006,0.512569,0.925172,-0.030709,0.510223,0.909833,-0.029241,0.576239,0.891018,-0.020726,0.545088,0.931301,-0.021932,0.534515,0.92093,-0.015979,0.533677,0.905481,-0.013669,0.588145,0.893959,-0.012797,0.561785,0.921821,-0.014964,0.551852,0.913199,-0.011899,0.551413,0.900413,-0.009704
343,11433,True,0.9981,0.9981,0.579457,0.795468,0.0,0.535823,0.789623,-0.019064,0.499847,0.817951,-0.028468,0.477402,0.862719,-0.032984,0.469772,0.904411,-0.036248,0.533763,0.865523,-0.036853,0.509726,0.92964,-0.045639,0.493241,0.942099,-0.047164,0.483554,0.940794,-0.046488,0.558899,0.883295,-0.028006,0.527669,0.934865,-0.032131,0.513418,0.92932,-0.029528,0.510521,0.915277,-0.028449,0.576744,0.890966,-0.018943,0.545426,0.931992,-0.020514,0.534577,0.922628,-0.015554,0.533768,0.90783,-0.013726,0.587824,0.894107,-0.011133,0.560606,0.922014,-0.013474,0.550811,0.913515,-0.010912,0.550753,0.900704,-0.009042
344,11466,True,0.9979,0.9979,0.580698,0.796446,0.0,0.536661,0.79001,-0.018483,0.500792,0.818322,-0.027627,0.479174,0.862767,-0.03194,0.474036,0.903627,-0.034929,0.535277,0.865956,-0.037088,0.511282,0.930058,-0.046521,0.494011,0.941718,-0.048728,0.484052,0.940043,-0.048535,0.56048,0.884077,-0.028697,0.527874,0.933792,-0.034225,0.514771,0.924425,-0.03206,0.5145,0.908354,-0.030975,0.578095,0.891974,-0.019966,0.545948,0.932619,-0.022121,0.535921,0.921499,-0.016439,0.536942,0.905762,-0.013949,0.589112,0.895472,-0.012511,0.561248,0.923172,-0.015066,0.552218,0.913424,-0.011941,0.553571,0.899767,-0.009595
345,11500,True,0.9976,0.9976,0.581242,0.794728,0.0,0.537524,0.787673,-0.018939,0.500535,0.816558,-0.028902,0.478119,0.86181,-0.033997,0.472227,0.904359,-0.037804,0.535064,0.862759,-0.03865,0.511713,0.929571,-0.049035,0.492837,0.941722,-0.05159,0.481569,0.939096,-0.051313,0.560492,0.881151,-0.030303,0.527244,0.93201,-0.037167,0.514125,0.921982,-0.035153,0.514896,0.904852,-0.033695,0.578318,0.890102,-0.021649,0.545862,0.930714,-0.024814,0.535801,0.918793,-0.019247,0.537698,0.902188,-0.016439,0.589499,0.894991,-0.014258,0.561098,0.922906,-0.017315,0.552021,0.912585,-0.014213,0.553999,0.898676,-0.011657
346,11533,True,0.998,0.998,0.581945,0.79455,0.0,0.537781,0.788842,-0.019117,0.501532,0.816942,-0.029706,0.479174,0.860769,-0.035068,0.472252,0.902313,-0.039213,0.536504,0.862421,-0.041068,0.512839,0.929433,-0.051254,0.493587,0.945651,-0.053052,0.481683,0.946375,-0.052066,0.562293,0.881139,-0.032145,0.528496,0.931791,-0.037814,0.514542,0.923504,-0.033948,0.51357,0.907161,-0.031471,0.580421,0.890182,-0.022803,0.547636,0.931323,-0.02495,0.536728,0.920385,-0.018376,0.537404,0.903648,-0.015201,0.591596,0.894889,-0.014729,0.564216,0.922262,-0.017281,0.554,0.913003,-0.013983,0.554533,0.899581,-0.01137
347,11566,True,0.9981,0.9981,0.582296,0.794608,0.0,0.538046,0.787954,-0.01962,0.502275,0.815737,-0.029905,0.480372,0.860335,-0.034787,0.472868,0.9021,-0.038116,0.536646,0.86084,-0.04182,0.512295,0.929278,-0.051663,0.49293,0.941147,-0.052769,0.481453,0.938326,-0.051517,0.562378,0.880246,-0.032738,0.527271,0.929155,-0.03896,0.514179,0.91746,-0.035404,0.515136,0.899826,-0.0332,0.580136,0.88973,-0.023168,0.545736,0.929162,-0.025634,0.535779,0.915514,-0.018565,0.537879,0.898204,-0.015082,0.591094,0.89457,-0.014977,0.561781,0.921386,-0.018243,0.552519,0.91038,-0.014964,0.554073,0.896554,-0.01228
348,11600,True,0.9978,0.9978,0.581312,0.793352,0.0,0.538297,0.788561,-0.017221,0.503592,0.815652,-0.025508,0.481903,0.860287,-0.029283,0.473903,0.900812,-0.0318,0.535274,0.863655,-0.03285,0.512691,0.925549,-0.04026,0.498477,0.934425,-0.041058,0.490237,0.930211,-0.039971,0.559931,0.88125,-0.024341,0.531192,0.927853,-0.026556,0.519974,0.919812,-0.023194,0.518722,0.905281,-0.021843,0.577968,0.888742,-0.015604,0.550162,0.924884,-0.015186,0.542516,0.914531,-0.009543,0.543328,0.899758,-0.00763,0.589855,0.891637,-0.008103,0.56592,0.916023,-0.008761,0.558751,0.906575,-0.005592,0.559614,0.893921,-0.003447
349,11633,True,0.9977,0.9977,0.581553,0.795021,0.0,0.539511,0.786914,-0.015747,0.503995,0.813745,-0.023316,0.48313,0.858256,-0.026468,0.47545,0.897537,-0.028245,0.535309,0.863939,-0.033233,0.513238,0.926687,-0.040751,0.500463,0.931776,-0.041101,0.495117,0.92324,-0.039476,0.559776,0.882581,-0.025275,0.531236,0.923378,-0.027847,0.521786,0.909832,-0.024199,0.523368,0.892554,-0.022687,0.577706,0.889988,-0.016907,0.55015,0.922581,-0.016466,0.543616,0.909582,-0.010241,0.546346,0.893607,-0.008139,0.589978,0.893062,-0.009636,0.565369,0.914017,-0.009924,0.559051,0.902389,-0.006347,0.561566,0.888936,-0.004113
350,11666,True,0.9983,0.9983,0.580692,0.794483,0.0,0.53843,0.786513,-0.015525,0.503422,0.812485,-0.023039,0.482226,0.855545,-0.026474,0.473219,0.894261,-0.028395,0.534992,0.862611,-0.030962,0.513254,0.926439,-0.039035,0.499925,0.930771,-0.040289,0.494345,0.92123,-0.039197,0.559238,0.881214,-0.023399,0.529922,0.924087,-0.027024,0.519873,0.911566,-0.024523,0.521584,0.894213,-0.023405,0.577095,0.889301,-0.015607,0.54848,0.922849,-0.016028,0.541719,0.910331,-0.010254,0.544722,0.894591,-0.008019,0.589092,0.893146,-0.00894,0.563246,0.914929,-0.009889,0.556629,0.903733,-0.006415,0.559259,0.890597,-0.003925
351,11700,True,0.9977,0.9977,0.578822,0.793338,0.0,0.537028,0.786689,-0.014106,0.501986,0.814129,-0.020945,0.481249,0.857933,-0.023981,0.470405,0.895695,-0.025893,0.532869,0.865081,-0.028982,0.512133,0.925436,-0.035674,0.499669,0.93213,-0.036321,0.493676,0.925476,-0.035197,0.557443,0.882576,-0.021926,0.529877,0.921402,-0.02389,0.520402,0.908641,-0.020735,0.521592,0.891626,-0.019643,0.575834,0.88865,-0.014535,0.548796,0.919549,-0.01389,0.542625,0.907132,-0.008005,0.545409,0.891428,-0.006087,0.588503,0.890507,-0.008097,0.564473,0.911945,-0.007789,0.558317,0.900891,-0.003812,0.560847,0.887645,-0.001325
352,11733,True,0.9976,0.9976,0.578021,0.793945,0.0,0.536587,0.787339,-0.017166,0.500693,0.815015,-0.025565,0.479269,0.858185,-0.029317,0.468393,0.896802,-0.032135,0.530746,0.86369,-0.035281,0.508536,0.926787,-0.043273,0.492668,0.940865,-0.044252,0.482633,0.941302,-0.043264,0.555735,0.881953,-0.02699,0.526334,0.927985,-0.030025,0.513412,0.921955,-0.026478,0.510735,0.908212,-0.024997,0.574335,0.88963,-0.018403,0.544744,0.926628,-0.019163,0.535894,0.917133,-0.013751,0.535759,0.902666,-0.01185,0.58654,0.893152,-0.010922,0.560822,0.918051,-0.012466,0.55198,0.909466,-0.00956,0.551977,0.897625,-0.007557
353,11766,True,0.9976,0.9976,0.577262,0.794839,0.0,0.534339,0.787589,-0.017147,0.498212,0.816051,-0.02521,0.476024,0.861734,-0.028522,0.468412,0.903329,-0.030671,0.529764,0.86422,-0.036191,0.506318,0.930368,-0.043781,0.48978,0.940695,-0.044134,0.480151,0.937749,-0.042929,0.555586,0.882744,-0.027959,0.523903,0.929597,-0.031726,0.513113,0.917279,-0.028082,0.514991,0.899843,-0.026415,0.574338,0.890752,-0.019246,0.543908,0.929326,-0.019895,0.536206,0.916313,-0.013217,0.539169,0.899948,-0.010606,0.586688,0.894807,-0.011738,0.560298,0.920702,-0.013373,0.553284,0.90979,-0.009854,0.55607,0.896759,-0.007541
354,11800,True,0.9976,0.9976,0.57767,0.794486,0.0,0.534056,0.78837,-0.017446,0.498731,0.816206,-0.026133,0.475289,0.861443,-0.030322,0.467822,0.902962,-0.033272,0.529962,0.863399,-0.035579,0.505342,0.930503,-0.043841,0.488322,0.940089,-0.044781,0.478372,0.936695,-0.043814,0.555192,0.882226,-0.027632,0.522878,0.933163,-0.031853,0.511066,0.922106,-0.028762,0.511911,0.905193,-0.027154,0.573368,0.89043,-0.019287,0.542005,0.930981,-0.020038,0.533556,0.918242,-0.013652,0.535801,0.901977,-0.010992,0.585041,0.894121,-0.012269,0.557734,0.921601,-0.014059,0.550166,0.911142,-0.010671,0.552268,0.897723,-0.008252
355,11833,True,0.997,0.997,0.577903,0.792975,0.0,0.533758,0.787993,-0.017599,0.497476,0.816787,-0.026429,0.474039,0.862704,-0.030723,0.465784,0.905081,-0.033734,0.530946,0.863024,-0.034871,0.507383,0.929196,-0.042694,0.49102,0.939951,-0.043241,0.481558,0.936959,-0.041976,0.55607,0.880908,-0.026732,0.524251,0.933369,-0.030539,0.511592,0.924067,-0.027392,0.511314,0.907765,-0.025728,0.573978,0.888704,-0.018226,0.543473,0.931371,-0.018708,0.533879,0.920237,-0.012663,0.534886,0.904281,-0.010165,0.585186,0.892243,-0.010996,0.558891,0.921879,-0.01234,0.550285,0.913188,-0.009089,0.551307,0.900428,-0.006814
356,11866,True,0.998,0.998,0.580039,0.790813,0.0,0.536905,0.787253,-0.016575,0.499634,0.815378,-0.024601,0.477194,0.860223,-0.028269,0.469031,0.901038,-0.030512,0.533163,0.858966,-0.031778,0.511938,0.922006,-0.038848,0.498658,0.934289,-0.039215,0.491698,0.932803,-0.037774,0.55789,0.876374,-0.023825,0.530017,0.927193,-0.026954,0.518319,0.919781,-0.023981,0.517343,0.903885,-0.022455,0.575486,0.885177,-0.015632,0.547775,0.926717,-0.015648,0.539361,0.917326,-0.010347,0.540295,0.901767,-0.008256,0.58649,0.890034,-0.008627,0.562693,0.918953,-0.008886,0.55486,0.911551,-0.005895,0.555538,0.899109,-0.00394
357,11900,True,0.9986,0.9986,0.579388,0.791789,0.0,0.537179,0.786397,-0.016608,0.50087,0.814053,-0.025335,0.478573,0.859147,-0.029651,0.470625,0.900287,-0.032828,0.534261,0.862333,-0.033032,0.514464,0.92391,-0.040276,0.500977,0.936332,-0.040914,0.493723,0.934797,-0.039662,0.559083,0.879388,-0.025051,0.531304,0.927867,-0.027577,0.518599,0.922017,-0.024608,0.516498,0.907412,-0.023465,0.577064,0.886713,-0.016741,0.549131,0.926245,-0.016422,0.539211,0.918605,-0.011835,0.538677,0.903959,-0.010647,0.588576,0.889985,-0.009486,0.564595,0.916281,-0.00935,0.555668,0.909519,-0.006627,0.555572,0.89777,-0.005122
358,11933,True,0.9989,0.9989,0.581977,0.79217,0.0,0.538507,0.78421,-0.018009,0.501252,0.813299,-0.027274,0.478471,0.858924,-0.031526,0.470076,0.900982,-0.034744,0.535136,0.857838,-0.038049,0.513013,0.924859,-0.045959,0.495893,0.939711,-0.046365,0.485286,0.939603,-0.044887,0.560605,0.876871,-0.029111,0.529448,0.926656,-0.0326,0.516183,0.918411,-0.028778,0.515089,0.902245,-0.026802,0.578754,0.886094,-0.019644,0.54816,0.925967,-0.01954,0.538267,0.915953,-0.013768,0.53906,0.899956,-0.011786,0.59013,0.891309,-0.011373,0.563959,0.917055,-0.012006,0.554678,0.90837,-0.009185,0.555635,0.895537,-0.007454
359,11966,True,0.9986,0.9986,0.581993,0.791497,0.0,0.538769,0.785202,-0.01566,0.502663,0.813316,-0.02385,0.480318,0.858617,-0.02801,0.472232,0.899562,-0.030361,0.535691,0.857886,-0.031995,0.5152,0.9248,-0.040559,0.502971,0.928787,-0.041359,0.499622,0.918766,-0.039488,0.561001,0.875546,-0.024675,0.531877,0.926885,-0.028953,0.52136,0.915375,-0.026201,0.523976,0.897855,-0.024497,0.579035,0.884885,-0.017123,0.54993,0.926025,-0.017477,0.542431,0.913701,-0.011441,0.546228,0.89722,-0.008776,0.59057,0.890742,-0.01074,0.56464,0.917555,-0.010908,0.558205,0.907098,-0.007192,0.561783,0.893809,-0.004645
360,12000,True,0.9973,0.9973,0.579461,0.793001,0.0,0.537049,0.786243,-0.018293,0.502428,0.814376,-0.027187,0.480654,0.859502,-0.031194,0.471677,0.899939,-0.033932,0.534765,0.863366,-0.036659,0.512811,0.92784,-0.044233,0.497953,0.936912,-0.044206,0.489743,0.932497,-0.042441,0.560169,0.880857,-0.027725,0.530525,0.929742,-0.030768,0.517943,0.92132,-0.027073,0.516445,0.905887,-0.025386,0.578646,0.888319,-0.018426,0.549319,0.927227,-0.018739,0.539922,0.916899,-0.013101,0.540032,0.901607,-0.011142,0.590804,0.89166,-0.01039,0.565081,0.916717,-0.011968,0.556276,0.908215,-0.009411,0.556415,0.895984,-0.007678
361,12033,True,0.9975,0.9975,0.580163,0.79522,0.0,0.537487,0.7883,-0.01754,0.502743,0.814774,-0.026086,0.481136,0.859265,-0.030241,0.474762,0.899775,-0.033236,0.533613,0.863047,-0.0337,0.510832,0.928293,-0.042354,0.495451,0.939032,-0.04394,0.486442,0.936016,-0.043213,0.558466,0.880669,-0.025645,0.529849,0.932008,-0.029442,0.517241,0.926894,-0.026799,0.514742,0.913926,-0.025716,0.576995,0.889377,-0.017484,0.549199,0.930672,-0.01859,0.539807,0.922443,-0.013446,0.539265,0.908593,-0.011549,0.589375,0.89425,-0.010623,0.564834,0.922502,-0.012703,0.555949,0.915914,-0.010111,0.555337,0.904662,-0.008166
362,12066,True,0.9971,0.9971,0.580461,0.796221,0.0,0.537308,0.788337,-0.019144,0.501774,0.815574,-0.028482,0.479413,0.860218,-0.032657,0.47175,0.901097,-0.035584,0.534961,0.862396,-0.039049,0.510767,0.927785,-0.048092,0.493852,0.939896,-0.049137,0.483604,0.938655,-0.048024,0.559865,0.881339,-0.029923,0.528166,0.932154,-0.03429,0.514944,0.924732,-0.03073,0.513081,0.910093,-0.028931,0.577654,0.890838,-0.020446,0.547005,0.93213,-0.022032,0.537182,0.921867,-0.016117,0.537367,0.906848,-0.01359,0.588751,0.896028,-0.012297,0.562136,0.924595,-0.014916,0.552907,0.916619,-0.012247,0.553138,0.904622,-0.010216
363,12100,True,0.9976,0.9976,0.580322,0.796027,0.0,0.537163,0.787907,-0.01823,0.500849,0.815516,-0.027337,0.478822,0.860977,-0.031515,0.471779,0.902553,-0.034667,0.533646,0.862512,-0.037698,0.509614,0.928052,-0.046638,0.491832,0.941432,-0.048023,0.480694,0.941581,-0.047172,0.558939,0.88126,-0.029061,0.526923,0.932391,-0.033377,0.513798,0.924659,-0.02977,0.512558,0.909919,-0.027832,0.576991,0.89032,-0.020053,0.54654,0.932447,-0.021647,0.536601,0.921891,-0.015666,0.537154,0.906324,-0.01301,0.588347,0.895174,-0.012259,0.562145,0.924152,-0.014675,0.553183,0.915807,-0.011744,0.553868,0.903531,-0.009538
364,12133,True,0.9974,0.9974,0.579727,0.795095,0.0,0.536118,0.787954,-0.019261,0.499704,0.816434,-0.028639,0.476871,0.861781,-0.033013,0.468559,0.903627,-0.036312,0.533435,0.86345,-0.037317,0.509868,0.926868,-0.046228,0.49266,0.940447,-0.04765,0.481784,0.940381,-0.046815,0.55835,0.881582,-0.028136,0.527107,0.93172,-0.032234,0.513542,0.925324,-0.028936,0.510977,0.911245,-0.027246,0.576269,0.890482,-0.018777,0.546001,0.931009,-0.020313,0.536335,0.921244,-0.014849,0.536313,0.906336,-0.012528,0.587607,0.895379,-0.010731,0.561302,0.923577,-0.012931,0.552629,0.915227,-0.010298,0.553116,0.902802,-0.008312
365,12166,True,0.9976,0.9976,0.581157,0.793707,0.0,0.537468,0.786996,-0.017813,0.50058,0.815566,-0.026623,0.477855,0.860897,-0.030716,0.469149,0.902786,-0.033923,0.532826,0.860251,-0.035187,0.510104,0.924002,-0.043261,0.493257,0.940171,-0.044262,0.48179,0.941744,-0.042974,0.557754,0.877777,-0.026477,0.528428,0.93158,-0.02916,0.513161,0.933038,-0.025723,0.506649,0.923774,-0.023948,0.575836,0.886483,-0.017493,0.547719,0.928445,-0.017159,0.535443,0.92416,-0.012253,0.531196,0.912184,-0.010608,0.587423,0.890688,-0.009802,0.563627,0.91801,-0.010245,0.552783,0.913687,-0.007607,0.54971,0.904227,-0.005817
366,12200,True,0.9973,0.9973,0.580716,0.793921,0.0,0.53819,0.786126,-0.017669,0.502246,0.813349,-0.026618,0.479488,0.858299,-0.030877,0.471126,0.899044,-0.03393,0.534066,0.860831,-0.036332,0.51069,0.926025,-0.044292,0.494265,0.939116,-0.044465,0.48511,0.937574,-0.042651,0.559112,0.879366,-0.027698,0.527074,0.92883,-0.030863,0.51423,0.920983,-0.026623,0.513175,0.906349,-0.024355,0.576771,0.887958,-0.01872,0.545416,0.927596,-0.018955,0.535917,0.91778,-0.012818,0.536749,0.902765,-0.010392,0.587823,0.892551,-0.01097,0.56108,0.918759,-0.012036,0.552344,0.910112,-0.008964,0.553484,0.897762,-0.006895
367,12233,True,0.9982,0.9982,0.579371,0.794065,0.0,0.536729,0.786425,-0.01751,0.501716,0.813918,-0.025995,0.479332,0.858682,-0.029832,0.470413,0.899393,-0.03248,0.532645,0.8631,-0.03526,0.509799,0.92746,-0.042656,0.494439,0.937838,-0.042736,0.48562,0.934615,-0.041125,0.557576,0.881127,-0.026563,0.527327,0.927888,-0.029424,0.515582,0.918561,-0.025571,0.514888,0.90318,-0.023773,0.57541,0.888948,-0.017503,0.546101,0.926095,-0.017715,0.537547,0.915457,-0.011928,0.538439,0.900461,-0.009849,0.586789,0.892862,-0.009657,0.560779,0.917368,-0.011033,0.552596,0.908059,-0.008265,0.553448,0.895589,-0.006389
368,12266,True,0.9976,0.9976,0.579672,0.791774,0.0,0.537372,0.786887,-0.016071,0.501562,0.814682,-0.023705,0.479308,0.859368,-0.027061,0.471765,0.899405,-0.029249,0.532909,0.861589,-0.031511,0.512212,0.923528,-0.038229,0.498668,0.934376,-0.038427,0.490785,0.931435,-0.037032,0.55695,0.878809,-0.023562,0.52922,0.925962,-0.025777,0.517645,0.919025,-0.022539,0.515463,0.904649,-0.021256,0.574453,0.886631,-0.015329,0.547101,0.92413,-0.015128,0.538375,0.915466,-0.010131,0.537927,0.901236,-0.008633,0.586062,0.890228,-0.00821,0.56144,0.914703,-0.008884,0.553172,0.907156,-0.00624,0.552796,0.895718,-0.004612
369,12300,True,0.9974,0.9974,0.579608,0.793386,0.0,0.537466,0.7863,-0.01669,0.501909,0.81386,-0.025117,0.480496,0.858424,-0.029261,0.47262,0.898007,-0.031967,0.533823,0.863087,-0.033731,0.512591,0.927227,-0.041528,0.497758,0.935024,-0.041673,0.491162,0.928567,-0.039748,0.558862,0.880113,-0.025754,0.529345,0.926967,-0.029272,0.517588,0.916501,-0.025805,0.518224,0.900005,-0.023942,0.576933,0.887079,-0.017485,0.547184,0.923591,-0.018056,0.538743,0.911874,-0.012139,0.54098,0.895824,-0.009695,0.588936,0.889939,-0.010362,0.562411,0.914012,-0.011346,0.554463,0.903657,-0.007949,0.556797,0.890074,-0.005555
370,12333,True,0.9983,0.9983,0.579738,0.794091,0.0,0.537217,0.787297,-0.018259,0.501308,0.814007,-0.026958,0.480101,0.858522,-0.03088,0.47307,0.89917,-0.033398,0.533644,0.862754,-0.036534,0.509961,0.927845,-0.045523,0.493816,0.93618,-0.046673,0.485252,0.930814,-0.045639,0.558858,0.881151,-0.027942,0.528073,0.928048,-0.032668,0.51609,0.916958,-0.029877,0.516307,0.900052,-0.028631,0.576885,0.88954,-0.019117,0.546739,0.926859,-0.02109,0.538612,0.914543,-0.015365,0.540545,0.898465,-0.012933,0.588631,0.893709,-0.011533,0.561808,0.92028,-0.014162,0.554155,0.909765,-0.01123,0.556082,0.896058,-0.009003
371,12366,True,0.9981,0.9981,0.579711,0.794148,0.0,0.536579,0.787437,-0.018617,0.500731,0.815092,-0.027553,0.47903,0.859899,-0.031735,0.47121,0.900889,-0.034593,0.533754,0.862569,-0.036564,0.509593,0.927595,-0.045589,0.492889,0.937392,-0.046914,0.483475,0.933625,-0.046099,0.55882,0.880951,-0.028033,0.52711,0.928732,-0.033108,0.51517,0.918137,-0.030451,0.515481,0.901665,-0.029164,0.576701,0.889647,-0.019302,0.545425,0.928126,-0.021605,0.537236,0.915714,-0.015881,0.539169,0.899824,-0.013324,0.58822,0.894084,-0.011869,0.560841,0.921688,-0.014946,0.552899,0.91148,-0.012204,0.554499,0.897931,-0.010031
372,12400,True,0.9981,0.9981,0.580596,0.793998,0.0,0.536467,0.78647,-0.018361,0.500655,0.815081,-0.026968,0.479408,0.860835,-0.0306,0.471643,0.901273,-0.032823,0.535221,0.862961,-0.036853,0.510956,0.927621,-0.044949,0.4952,0.936101,-0.04551,0.486869,0.931307,-0.044344,0.56051,0.88168,-0.027978,0.528222,0.926079,-0.032137,0.516966,0.914016,-0.028857,0.518309,0.897088,-0.027387,0.578148,0.890014,-0.018742,0.546664,0.925871,-0.020252,0.539181,0.912666,-0.014213,0.542005,0.896474,-0.011764,0.589389,0.893991,-0.010753,0.561933,0.918938,-0.013435,0.554535,0.907692,-0.010637,0.55685,0.893706,-0.008558
373,12433,True,0.9974,0.9974,0.57985,0.795467,0.0,0.535871,0.787316,-0.01957,0.50048,0.815475,-0.028887,0.479653,0.861372,-0.033045,0.471052,0.902636,-0.035911,0.534068,0.864196,-0.038095,0.50939,0.929612,-0.046764,0.492512,0.939726,-0.047805,0.483107,0.936263,-0.04695,0.559629,0.883212,-0.028819,0.526719,0.929445,-0.033565,0.515101,0.917054,-0.030474,0.516642,0.899581,-0.028953,0.577796,0.891578,-0.019288,0.545578,0.929076,-0.021215,0.537881,0.914913,-0.01505,0.541047,0.898046,-0.012378,0.589866,0.895413,-0.011101,0.562044,0.920854,-0.01423,0.554341,0.909,-0.011518,0.556812,0.894501,-0.009384
374,12466,True,0.9984,0.9984,0.580238,0.794773,0.0,0.534949,0.786702,-0.020092,0.498603,0.816929,-0.02954,0.477493,0.863153,-0.033389,0.468018,0.903848,-0.035792,0.532944,0.86199,-0.041407,0.508781,0.929744,-0.05016,0.490829,0.94327,-0.050329,0.480403,0.942427,-0.048662,0.558799,0.881413,-0.031612,0.525046,0.931384,-0.036661,0.511687,0.921214,-0.032666,0.51179,0.90434,-0.030287,0.57652,0.890989,-0.021361,0.542661,0.930515,-0.023509,0.533337,0.917087,-0.017012,0.535264,0.900525,-0.013957,0.587552,0.895868,-0.01245,0.557391,0.921715,-0.015929,0.548334,0.910475,-0.013465,0.549857,0.896897,-0.011398
375,12500,True,0.9977,0.9977,0.580047,0.793963,0.0,0.535121,0.786829,-0.020214,0.498277,0.816895,-0.02971,0.476635,0.863538,-0.033725,0.469738,0.904871,-0.036258,0.534363,0.862417,-0.040932,0.510668,0.92791,-0.049941,0.493246,0.939222,-0.050621,0.483463,0.936081,-0.049358,0.559629,0.881423,-0.031253,0.526445,0.929098,-0.036677,0.514226,0.91778,-0.033265,0.51554,0.900087,-0.031356,0.576562,0.890673,-0.021202,0.543511,0.928904,-0.023673,0.535204,0.915689,-0.017541,0.53814,0.898899,-0.014698,0.586932,0.895453,-0.012511,0.557821,0.921829,-0.015884,0.549606,0.910817,-0.013427,0.551892,0.896694,-0.011483
376,12533,True,0.9981,0.9981,0.58062,0.794535,0.0,0.535549,0.786696,-0.018448,0.499321,0.816069,-0.027143,0.477785,0.862362,-0.030941,0.468906,0.903435,-0.03341,0.533605,0.86229,-0.036645,0.510779,0.927462,-0.044586,0.494611,0.938134,-0.045021,0.485775,0.934906,-0.043735,0.559191,0.880269,-0.027816,0.527674,0.927484,-0.031965,0.515432,0.917798,-0.028764,0.515435,0.901661,-0.027267,0.576866,0.888391,-0.01868,0.545329,0.926127,-0.020011,0.53649,0.914948,-0.014412,0.537879,0.899264,-0.012271,0.588104,0.892299,-0.010819,0.560508,0.917657,-0.01323,0.552106,0.908099,-0.010836,0.553237,0.894724,-0.00912
377,12566,True,0.9984,0.9984,0.580373,0.793085,0.0,0.535833,0.786179,-0.017402,0.499976,0.815883,-0.02559,0.478086,0.862049,-0.029061,0.468122,0.902367,-0.031184,0.533523,0.862078,-0.035133,0.510993,0.926794,-0.042414,0.495456,0.935488,-0.042344,0.486993,0.930469,-0.040735,0.55879,0.88005,-0.026558,0.527901,0.926828,-0.029646,0.516067,0.917135,-0.025888,0.516148,0.901653,-0.024163,0.576474,0.88828,-0.017624,0.545971,0.925592,-0.018086,0.537638,0.914257,-0.012116,0.539318,0.898896,-0.009862,0.587712,0.892333,-0.009896,0.560831,0.917434,-0.011583,0.552975,0.907797,-0.008768,0.554511,0.89498,-0.006817
378,12600,True,0.9975,0.9975,0.579853,0.794066,0.0,0.536118,0.786746,-0.017623,0.500063,0.815781,-0.026165,0.478178,0.862003,-0.029964,0.469916,0.902765,-0.032353,0.533877,0.864452,-0.035861,0.510848,0.928389,-0.043491,0.494938,0.935518,-0.043366,0.487333,0.929155,-0.041527,0.55936,0.881832,-0.027291,0.52734,0.928105,-0.030811,0.515381,0.916446,-0.027063,0.516632,0.899732,-0.025231,0.577104,0.889114,-0.018353,0.545502,0.9262,-0.019234,0.536891,0.913678,-0.013127,0.539519,0.897273,-0.01067,0.58861,0.892192,-0.010584,0.561204,0.91783,-0.012398,0.553241,0.907274,-0.009346,0.555561,0.893409,-0.007213
379,12633,True,0.998,0.998,0.580347,0.794483,0.0,0.535966,0.787185,-0.018591,0.500371,0.814968,-0.02759,0.478723,0.860006,-0.031915,0.469923,0.900746,-0.03465,0.534149,0.865219,-0.03482,0.510032,0.929701,-0.043331,0.493546,0.935632,-0.044219,0.485439,0.928258,-0.043028,0.559538,0.883125,-0.026111,0.527539,0.929219,-0.030686,0.515865,0.916812,-0.027892,0.517424,0.900135,-0.02643,0.577363,0.890995,-0.017276,0.546053,0.927616,-0.019034,0.537964,0.914096,-0.01308,0.540849,0.897764,-0.010366,0.588817,0.89447,-0.009785,0.561501,0.919989,-0.012582,0.553695,0.908653,-0.009711,0.556165,0.894305,-0.007325
380,12666,True,0.9978,0.9978,0.579508,0.795578,0.0,0.5351,0.788186,-0.019147,0.499795,0.816744,-0.028641,0.477982,0.862254,-0.033354,0.46898,0.903349,-0.03653,0.534427,0.865374,-0.036912,0.508983,0.930861,-0.046199,0.491892,0.936965,-0.047257,0.483856,0.929441,-0.045958,0.55998,0.883186,-0.028155,0.527183,0.933258,-0.033504,0.514415,0.922373,-0.030902,0.515365,0.906189,-0.029415,0.577863,0.89165,-0.019217,0.545748,0.932228,-0.021626,0.536635,0.9192,-0.015847,0.539149,0.902824,-0.013084,0.589146,0.895804,-0.011601,0.561388,0.9243,-0.014953,0.552851,0.913615,-0.012245,0.555072,0.899232,-0.009886
381,12700,True,0.9983,0.9983,0.580101,0.79581,0.0,0.535575,0.788089,-0.020068,0.499329,0.816977,-0.029852,0.477185,0.861943,-0.034332,0.468344,0.903482,-0.037208,0.533872,0.865027,-0.04008,0.508631,0.932061,-0.049386,0.489604,0.941044,-0.050076,0.479524,0.935428,-0.048535,0.559329,0.884133,-0.03061,0.524968,0.93405,-0.036149,0.511072,0.922662,-0.033152,0.511927,0.904472,-0.031311,0.576796,0.892975,-0.020841,0.542911,0.93242,-0.023351,0.532858,0.918745,-0.017657,0.535066,0.90146,-0.014955,0.58776,0.897083,-0.012381,0.558346,0.924294,-0.015828,0.5489,0.913164,-0.013395,0.55074,0.898575,-0.011264
382,12733,True,0.9978,0.9978,0.580452,0.794822,0.0,0.53566,0.788255,-0.018918,0.499954,0.817298,-0.027991,0.477876,0.862614,-0.0321,0.46948,0.903771,-0.034766,0.53378,0.864052,-0.037008,0.509762,0.929162,-0.045228,0.492407,0.93813,-0.04582,0.482797,0.93341,-0.044585,0.559337,0.882748,-0.028019,0.527111,0.930729,-0.032535,0.515539,0.918875,-0.029454,0.516925,0.90169,-0.027834,0.577303,0.891378,-0.018716,0.545235,0.929929,-0.020187,0.536998,0.916336,-0.013965,0.539756,0.899488,-0.011198,0.588737,0.895355,-0.010759,0.561132,0.922055,-0.013466,0.552945,0.911035,-0.010583,0.554867,0.896598,-0.008289
383,12766,True,0.9979,0.9979,0.580651,0.795404,0.0,0.536009,0.788173,-0.01907,0.500045,0.816959,-0.02806,0.477685,0.862693,-0.032167,0.469408,0.903947,-0.034899,0.53476,0.86627,-0.036251,0.509902,0.929478,-0.044318,0.493421,0.937309,-0.044929,0.484783,0.931578,-0.043665,0.560351,0.884212,-0.027141,0.528549,0.932413,-0.030936,0.515217,0.923572,-0.028234,0.514032,0.908422,-0.02715,0.578222,0.891996,-0.017789,0.546969,0.930484,-0.018911,0.537013,0.919647,-0.013823,0.537551,0.904181,-0.012036,0.589407,0.895174,-0.009726,0.56255,0.921956,-0.012025,0.55332,0.912888,-0.009592,0.554031,0.89934,-0.007776
384,12800,True,0.9973,0.9973,0.579938,0.793946,0.0,0.536965,0.787882,-0.017235,0.501665,0.81572,-0.025339,0.479445,0.860705,-0.028892,0.471965,0.901218,-0.031289,0.532313,0.863363,-0.033019,0.511543,0.926631,-0.039998,0.496698,0.938062,-0.040519,0.487276,0.935789,-0.039512,0.557314,0.881504,-0.024672,0.529009,0.928036,-0.027152,0.517447,0.919802,-0.023923,0.51578,0.904791,-0.022706,0.575826,0.889504,-0.01609,0.547498,0.926821,-0.01604,0.538847,0.916928,-0.010559,0.538617,0.902152,-0.008824,0.588124,0.892903,-0.008731,0.563084,0.917466,-0.009894,0.554925,0.909009,-0.007044,0.554911,0.896685,-0.005195
385,12833,True,0.9964,0.9964,0.580328,0.795147,0.0,0.537322,0.787987,-0.016827,0.50168,0.815302,-0.024338,0.479508,0.860245,-0.027214,0.472396,0.900189,-0.028894,0.532911,0.863569,-0.033253,0.511274,0.927047,-0.039617,0.495654,0.938517,-0.039525,0.486006,0.936138,-0.038025,0.557886,0.882273,-0.024688,0.528271,0.928976,-0.026672,0.516169,0.920818,-0.023179,0.514675,0.905047,-0.02177,0.575997,0.88999,-0.015725,0.546494,0.926808,-0.01523,0.537157,0.917025,-0.009915,0.536946,0.901692,-0.008295,0.587891,0.892864,-0.007903,0.562421,0.916755,-0.00858,0.553769,0.908604,-0.005814,0.553701,0.896194,-0.004097
386,12866,True,0.9972,0.9972,0.581115,0.795352,0.0,0.537428,0.787916,-0.016395,0.502232,0.815242,-0.023857,0.480125,0.859838,-0.026874,0.471056,0.899619,-0.02871,0.533383,0.863636,-0.032018,0.51156,0.927203,-0.038201,0.495836,0.93776,-0.038072,0.486355,0.934415,-0.036624,0.558276,0.882166,-0.02367,0.528564,0.927448,-0.025597,0.517172,0.917868,-0.022002,0.516803,0.901944,-0.020484,0.576459,0.889769,-0.014958,0.547185,0.925848,-0.014484,0.538928,0.914799,-0.008784,0.540024,0.899274,-0.006857,0.588431,0.892603,-0.007366,0.563131,0.916349,-0.008155,0.555417,0.907012,-0.005088,0.556629,0.893976,-0.00307
387,12900,True,0.997,0.997,0.580335,0.795288,0.0,0.537309,0.788445,-0.017424,0.502365,0.81552,-0.025259,0.480377,0.859685,-0.028455,0.471128,0.899031,-0.030389,0.534256,0.863497,-0.033385,0.511568,0.927201,-0.040373,0.495719,0.937955,-0.040827,0.486027,0.935292,-0.039783,0.559031,0.882447,-0.024799,0.528576,0.928174,-0.027971,0.517164,0.917952,-0.024994,0.517097,0.901443,-0.023696,0.577045,0.890583,-0.01591,0.546936,0.926898,-0.016469,0.538865,0.915185,-0.010824,0.540198,0.8994,-0.008667,0.588811,0.893892,-0.008244,0.562684,0.918,-0.009979,0.554921,0.908304,-0.007116,0.556145,0.895073,-0.00504
388,12933,True,0.998,0.998,0.5808,0.793745,0.0,0.537948,0.787729,-0.016679,0.502423,0.814483,-0.02404,0.481186,0.858903,-0.027028,0.472284,0.898431,-0.02861,0.534545,0.862684,-0.030534,0.513923,0.925173,-0.037101,0.500798,0.93452,-0.037606,0.493767,0.930688,-0.036681,0.559318,0.881175,-0.022464,0.530743,0.924148,-0.02566,0.52021,0.912692,-0.023451,0.520922,0.895333,-0.022678,0.577385,0.889104,-0.014194,0.54906,0.923469,-0.014625,0.541781,0.911963,-0.009566,0.543556,0.896299,-0.007834,0.589492,0.892573,-0.007117,0.56434,0.915522,-0.008422,0.557386,0.905964,-0.005688,0.558821,0.89282,-0.003786
389,12966,True,0.9984,0.9984,0.580701,0.793874,0.0,0.537651,0.787079,-0.016833,0.502948,0.813053,-0.024685,0.482365,0.857326,-0.028155,0.473542,0.896389,-0.029889,0.535551,0.862731,-0.031272,0.515362,0.924745,-0.038578,0.504624,0.928736,-0.039176,0.501062,0.920539,-0.037938,0.560194,0.881172,-0.023201,0.530799,0.922902,-0.026821,0.521818,0.909206,-0.024456,0.524805,0.891462,-0.023446,0.578038,0.889155,-0.014991,0.547987,0.922387,-0.01573,0.542267,0.908965,-0.010117,0.546124,0.892922,-0.007881,0.590208,0.892878,-0.007984,0.563108,0.914843,-0.009316,0.55751,0.903585,-0.006153,0.560529,0.890059,-0.003869
390,13000,True,0.9983,0.9983,0.579823,0.795646,0.0,0.537522,0.787805,-0.019179,0.502432,0.813344,-0.028513,0.481083,0.856845,-0.032658,0.471924,0.896337,-0.035758,0.535825,0.863212,-0.037926,0.511315,0.926508,-0.045957,0.49353,0.938925,-0.046826,0.482013,0.938107,-0.045813,0.560469,0.882487,-0.028196,0.528896,0.926599,-0.030915,0.51538,0.918695,-0.026956,0.512633,0.904273,-0.025318,0.577971,0.890582,-0.018182,0.547064,0.925226,-0.018707,0.537501,0.914736,-0.013348,0.536915,0.899701,-0.011641,0.589012,0.893762,-0.009419,0.562766,0.916896,-0.011373,0.553746,0.9076,-0.00894,0.553706,0.894554,-0.007221
391,13033,True,0.9981,0.9981,0.580283,0.795175,0.0,0.537602,0.787514,-0.017758,0.50338,0.813275,-0.026187,0.482035,0.856452,-0.030079,0.473399,0.895232,-0.032641,0.534523,0.862629,-0.034086,0.510969,0.927883,-0.042146,0.495132,0.936864,-0.0434,0.4864,0.932731,-0.04271,0.559224,0.881424,-0.025708,0.528178,0.928856,-0.029752,0.516843,0.917924,-0.027157,0.51786,0.901314,-0.025954,0.577191,0.889483,-0.017078,0.546779,0.926301,-0.018112,0.539378,0.913243,-0.012281,0.542143,0.896854,-0.009879,0.589127,0.892766,-0.009758,0.562387,0.916926,-0.011979,0.55544,0.905907,-0.009037,0.557809,0.892039,-0.006753
392,13066,True,0.9979,0.9979,0.579363,0.795809,0.0,0.536144,0.788562,-0.017414,0.502558,0.814867,-0.02582,0.481275,0.859029,-0.029623,0.473355,0.898494,-0.03211,0.53483,0.863862,-0.035122,0.510449,0.930659,-0.04325,0.494306,0.938254,-0.044301,0.485346,0.932919,-0.043496,0.559808,0.882889,-0.026709,0.52703,0.929142,-0.030422,0.515489,0.916879,-0.027333,0.516793,0.899863,-0.026028,0.577861,0.890758,-0.017931,0.546195,0.926561,-0.018561,0.538422,0.913194,-0.012286,0.541283,0.897038,-0.00986,0.589606,0.893821,-0.010423,0.56227,0.917697,-0.012358,0.554955,0.906453,-0.009125,0.557493,0.892662,-0.006805
393,13100,True,0.9986,0.9986,0.581096,0.796074,0.0,0.536696,0.788145,-0.020074,0.50183,0.814678,-0.0304,0.479302,0.858525,-0.035175,0.46954,0.898444,-0.038623,0.535322,0.86158,-0.043008,0.509308,0.929665,-0.053377,0.488411,0.943631,-0.055163,0.47422,0.944317,-0.054562,0.560283,0.882967,-0.03351,0.523388,0.932257,-0.038963,0.507824,0.923333,-0.03499,0.505265,0.9081,-0.032783,0.577062,0.892978,-0.023579,0.541408,0.931345,-0.025708,0.53034,0.919032,-0.01902,0.53026,0.903289,-0.016007,0.586918,0.897372,-0.015062,0.556358,0.922964,-0.018374,0.546007,0.912349,-0.015385,0.545978,0.899282,-0.012949
394,13133,True,0.9982,0.9982,0.58031,0.794871,0.0,0.536639,0.787441,-0.017787,0.501982,0.814175,-0.026591,0.478525,0.858402,-0.030737,0.470604,0.89956,-0.033624,0.533093,0.862423,-0.035907,0.509429,0.928998,-0.044202,0.49156,0.938909,-0.045421,0.480642,0.935698,-0.044774,0.558432,0.881954,-0.027474,0.526363,0.928849,-0.031794,0.515431,0.915315,-0.028625,0.517633,0.897241,-0.027022,0.57667,0.890473,-0.018663,0.545852,0.927609,-0.019549,0.538538,0.913006,-0.012722,0.542129,0.89596,-0.009769,0.588543,0.894119,-0.011191,0.562067,0.918705,-0.013188,0.5553,0.906677,-0.009659,0.558449,0.892526,-0.007064
395,13166,True,0.998,0.998,0.580304,0.793978,0.0,0.536659,0.787677,-0.016515,0.501591,0.814939,-0.024359,0.478619,0.859816,-0.028011,0.471071,0.900721,-0.03033,0.532502,0.862358,-0.031937,0.509983,0.927736,-0.03963,0.495159,0.93568,-0.040792,0.487031,0.930349,-0.040066,0.557733,0.881166,-0.024149,0.527839,0.927352,-0.027988,0.517974,0.914141,-0.025515,0.520235,0.896058,-0.024387,0.576121,0.889387,-0.016098,0.547026,0.926141,-0.016463,0.540529,0.912417,-0.010199,0.544034,0.895691,-0.007632,0.588353,0.89314,-0.009346,0.562726,0.917253,-0.010586,0.556519,0.906008,-0.00715,0.559472,0.892204,-0.004704
396,13200,True,0.9972,0.9972,0.578088,0.795058,0.0,0.534747,0.789267,-0.018747,0.49978,0.817111,-0.027327,0.47827,0.862298,-0.030846,0.468237,0.902456,-0.033086,0.533086,0.865097,-0.036947,0.508557,0.928159,-0.044415,0.491745,0.938152,-0.044314,0.481546,0.935177,-0.042716,0.558056,0.88302,-0.02782,0.526258,0.931478,-0.030957,0.512437,0.924435,-0.027095,0.509808,0.909825,-0.025336,0.575801,0.890637,-0.018362,0.544685,0.929582,-0.01947,0.534567,0.919231,-0.013726,0.534078,0.903846,-0.011428,0.587077,0.893558,-0.010162,0.560756,0.9204,-0.012966,0.551385,0.912003,-0.010586,0.550929,0.899405,-0.008683
397,13233,True,0.9981,0.9981,0.579476,0.796475,0.0,0.534877,0.788693,-0.019063,0.499229,0.817995,-0.028061,0.477769,0.863805,-0.031792,0.469088,0.904934,-0.034137,0.534083,0.864011,-0.039157,0.509114,0.929776,-0.047543,0.490966,0.939767,-0.047866,0.480796,0.936206,-0.046419,0.559574,0.882752,-0.030001,0.526179,0.931588,-0.034473,0.512909,0.921246,-0.030835,0.513094,0.904957,-0.028978,0.577344,0.891111,-0.020405,0.544277,0.930571,-0.022286,0.534677,0.917553,-0.01596,0.536388,0.901121,-0.013148,0.588552,0.894498,-0.012041,0.560628,0.921698,-0.01525,0.551815,0.911178,-0.012455,0.553081,0.897374,-0.010244
398,13266,True,0.9985,0.9985,0.579677,0.795829,0.0,0.535313,0.788081,-0.019823,0.498847,0.817936,-0.029097,0.477039,0.863761,-0.032853,0.469492,0.905235,-0.035022,0.534971,0.862713,-0.041059,0.510109,0.929225,-0.050051,0.491542,0.938996,-0.050438,0.481388,0.935019,-0.048919,0.560566,0.882108,-0.031569,0.526617,0.931019,-0.037086,0.514311,0.918616,-0.033489,0.516463,0.901046,-0.031391,0.577898,0.89177,-0.021606,0.544292,0.931079,-0.02409,0.536155,0.916166,-0.017215,0.539805,0.899002,-0.013819,0.588611,0.896526,-0.012965,0.559489,0.923673,-0.01651,0.551937,0.911335,-0.013488,0.555016,0.896917,-0.011037
399,13299,True,0.9981,0.9981,0.578689,0.796889,0.0,0.53476,0.789327,-0.019708,0.499312,0.817846,-0.029274,0.477432,0.862794,-0.033433,0.468805,0.903608,-0.035921,0.535166,0.863904,-0.040529,0.509835,0.930835,-0.049682,0.490947,0.938864,-0.050081,0.481108,0.932993,-0.048462,0.560504,0.882955,-0.031253,0.526111,0.932018,-0.036734,0.512868,0.920082,-0.033188,0.514204,0.903417,-0.031224,0.577908,0.892073,-0.021587,0.544376,0.932427,-0.024193,0.534621,0.918281,-0.017569,0.536956,0.901632,-0.014417,0.588824,0.896378,-0.013224,0.560116,0.924205,-0.017045,0.551258,0.912851,-0.014169,0.55327,0.898865,-0.011785
400,13333,True,0.9982,0.9982,0.579147,0.79649,0.0,0.534587,0.788707,-0.02054,0.49886,0.817471,-0.030767,0.477324,0.86213,-0.035276,0.468929,0.903316,-0.038031,0.535117,0.862077,-0.042873,0.509943,0.930875,-0.052239,0.489735,0.940119,-0.052421,0.478603,0.934108,-0.050461,0.56089,0.881336,-0.033175,0.525391,0.931294,-0.039148,0.512465,0.919175,-0.035038,0.515038,0.90147,-0.032374,0.578095,0.891009,-0.023051,0.543209,0.931081,-0.025871,0.53395,0.91569,-0.01878,0.537558,0.89795,-0.015119,0.588427,0.895694,-0.014313,0.558494,0.923603,-0.018407,0.550137,0.910982,-0.015442,0.553006,0.896239,-0.012846
401,13366,True,0.9986,0.9986,0.580192,0.796094,0.0,0.53549,0.787905,-0.019667,0.499102,0.817488,-0.029078,0.477595,0.862804,-0.033434,0.468973,0.904756,-0.03612,0.535017,0.861221,-0.038374,0.51062,0.929016,-0.047868,0.491766,0.939304,-0.049121,0.481367,0.935187,-0.048094,0.560726,0.880224,-0.02957,0.527,0.930432,-0.036524,0.515218,0.917791,-0.034204,0.518669,0.899338,-0.032455,0.578194,0.889977,-0.020509,0.54412,0.930813,-0.024009,0.535991,0.915608,-0.017581,0.540446,0.898138,-0.014012,0.588963,0.895295,-0.012839,0.559115,0.924007,-0.016837,0.551546,0.911596,-0.013819,0.555195,0.896857,-0.011128
402,13400,True,0.998,0.998,0.579514,0.79634,0.0,0.534966,0.788106,-0.018805,0.499142,0.816774,-0.027715,0.477416,0.862055,-0.031852,0.469449,0.903733,-0.034457,0.534992,0.863811,-0.035901,0.510995,0.929557,-0.044646,0.492885,0.937827,-0.045758,0.483068,0.932209,-0.044725,0.560897,0.882138,-0.027184,0.528739,0.93121,-0.032486,0.516413,0.919617,-0.029876,0.518034,0.903079,-0.028313,0.578739,0.891058,-0.018239,0.547187,0.930899,-0.020409,0.53841,0.9171,-0.014021,0.541548,0.900588,-0.01083,0.589793,0.895708,-0.010649,0.56218,0.923281,-0.013674,0.554197,0.912126,-0.010498,0.557083,0.898005,-0.007832
403,13433,True,0.9982,0.9982,0.580871,0.796336,0.0,0.536123,0.787447,-0.019369,0.500352,0.816167,-0.028979,0.478159,0.860567,-0.03354,0.469931,0.9024,-0.036306,0.535896,0.859838,-0.038567,0.511072,0.929454,-0.048124,0.490812,0.938985,-0.049257,0.479877,0.932929,-0.047875,0.561396,0.879788,-0.02968,0.525815,0.930342,-0.036377,0.51363,0.917047,-0.033454,0.517744,0.898754,-0.031054,0.57845,0.890109,-0.020525,0.543653,0.930429,-0.023326,0.534784,0.914486,-0.016468,0.539388,0.89708,-0.012621,0.588825,0.895573,-0.012793,0.558948,0.922061,-0.01623,0.550869,0.909515,-0.01306,0.554461,0.895543,-0.010221
404,13466,True,0.998,0.998,0.579504,0.796179,0.0,0.535027,0.787972,-0.018988,0.499172,0.816679,-0.028189,0.477284,0.861638,-0.032455,0.469356,0.903639,-0.035081,0.535309,0.863183,-0.037575,0.510268,0.930574,-0.046657,0.490935,0.939727,-0.047744,0.480474,0.934327,-0.046543,0.561024,0.882201,-0.02881,0.526638,0.932613,-0.034802,0.5137,0.921046,-0.032319,0.515942,0.903637,-0.030646,0.578491,0.891394,-0.019713,0.545068,0.932374,-0.022323,0.535369,0.918547,-0.016117,0.538638,0.901712,-0.012936,0.58925,0.896161,-0.011928,0.560264,0.924267,-0.015201,0.551566,0.913047,-0.012072,0.55457,0.898856,-0.009403
405,13500,True,0.9984,0.9984,0.581519,0.795498,0.0,0.536813,0.786275,-0.017913,0.49993,0.815233,-0.026917,0.477125,0.859694,-0.031551,0.47015,0.901934,-0.034339,0.534636,0.85883,-0.035455,0.511671,0.927737,-0.045273,0.492486,0.936105,-0.046885,0.483186,0.929572,-0.045793,0.559917,0.878162,-0.027895,0.526261,0.92958,-0.035597,0.51523,0.915397,-0.033711,0.521016,0.896636,-0.031769,0.577352,0.888604,-0.020129,0.543461,0.929091,-0.023558,0.535757,0.912983,-0.016681,0.541802,0.895785,-0.01259,0.588588,0.894826,-0.013755,0.557641,0.921804,-0.016948,0.550396,0.908347,-0.013185,0.555372,0.893627,-0.009967
406,13533,True,0.9979,0.9979,0.580842,0.795459,0.0,0.537391,0.78728,-0.019511,0.501606,0.814797,-0.028556,0.478957,0.860153,-0.032897,0.470399,0.901822,-0.035492,0.537471,0.86525,-0.03408,0.51252,0.92804,-0.042145,0.496517,0.933276,-0.042688,0.489426,0.925427,-0.041116,0.56202,0.883222,-0.024965,0.528857,0.93145,-0.029585,0.515876,0.92126,-0.027325,0.516375,0.90495,-0.025935,0.578724,0.891606,-0.015893,0.545568,0.93056,-0.017933,0.536084,0.918481,-0.013357,0.537989,0.90265,-0.011308,0.588743,0.896155,-0.008165,0.560155,0.922712,-0.010793,0.551547,0.912445,-0.008605,0.553487,0.898255,-0.006745
407,13566,True,0.9978,0.9978,0.580322,0.796261,0.0,0.536809,0.787029,-0.018606,0.500888,0.814509,-0.02783,0.479673,0.859099,-0.032423,0.472184,0.900121,-0.035445,0.534938,0.862139,-0.036015,0.511372,0.928646,-0.045615,0.493927,0.93715,-0.047481,0.485384,0.931019,-0.046815,0.5607,0.880864,-0.027963,0.527749,0.929771,-0.034797,0.516826,0.917277,-0.032955,0.520948,0.899563,-0.031569,0.578669,0.890131,-0.019725,0.546334,0.929822,-0.022845,0.538774,0.915391,-0.016516,0.543607,0.898564,-0.013183,0.590324,0.895094,-0.012853,0.562076,0.921953,-0.016311,0.555045,0.910111,-0.012979,0.559106,0.896072,-0.010158
408,13600,True,0.998,0.998,0.580175,0.793183,0.0,0.537291,0.788151,-0.017234,0.502383,0.816424,-0.02541,0.480285,0.860841,-0.029366,0.472104,0.901143,-0.031895,0.535372,0.865034,-0.030401,0.512864,0.924875,-0.037945,0.499374,0.930482,-0.038959,0.493002,0.92332,-0.037911,0.559901,0.881304,-0.02236,0.530789,0.927981,-0.025628,0.519519,0.91952,-0.02339,0.519108,0.904701,-0.02247,0.577774,0.888463,-0.014336,0.548958,0.925409,-0.015285,0.541061,0.914687,-0.010508,0.54237,0.899761,-0.008721,0.589447,0.891428,-0.007528,0.563669,0.916436,-0.009063,0.556557,0.907093,-0.006331,0.557808,0.894429,-0.004335
409,13633,True,0.9979,0.9979,0.579664,0.793457,0.0,0.5372,0.787923,-0.016204,0.502507,0.814744,-0.024098,0.481409,0.858884,-0.027805,0.4735,0.897823,-0.02999,0.535787,0.86518,-0.030467,0.514338,0.925397,-0.037685,0.502296,0.927133,-0.038316,0.497577,0.916927,-0.036924,0.560567,0.881523,-0.022648,0.531597,0.926219,-0.025192,0.521264,0.914898,-0.022452,0.52205,0.898664,-0.021419,0.578253,0.887846,-0.014671,0.549408,0.923402,-0.014697,0.542224,0.911403,-0.009416,0.544276,0.895566,-0.007602,0.589853,0.88996,-0.007837,0.564129,0.913914,-0.008599,0.557696,0.903603,-0.005462,0.559519,0.89029,-0.003353
410,13666,True,0.9984,0.9984,0.579882,0.792852,0.0,0.537459,0.7877,-0.015961,0.503193,0.814702,-0.02383,0.482331,0.858309,-0.027726,0.473499,0.896918,-0.030036,0.535923,0.864857,-0.028467,0.515235,0.924244,-0.036011,0.504344,0.92489,-0.03733,0.500648,0.913984,-0.03636,0.560354,0.880992,-0.020929,0.532879,0.926308,-0.023472,0.523055,0.915773,-0.021095,0.523896,0.900005,-0.020243,0.578012,0.887401,-0.013454,0.550435,0.923654,-0.013653,0.543746,0.912124,-0.008758,0.545792,0.896685,-0.00706,0.589674,0.889511,-0.007129,0.56498,0.914263,-0.007946,0.558873,0.904292,-0.004941,0.560607,0.891222,-0.00286
411,13700,True,0.998,0.998,0.579532,0.79328,0.0,0.536953,0.788374,-0.016583,0.501836,0.814228,-0.025081,0.480995,0.857156,-0.029491,0.472963,0.89618,-0.032487,0.53525,0.863536,-0.03014,0.515023,0.923054,-0.03767,0.504938,0.926862,-0.038723,0.50126,0.918194,-0.037594,0.560403,0.880227,-0.02234,0.533531,0.925744,-0.025133,0.523276,0.915901,-0.022886,0.522926,0.899361,-0.022123,0.578714,0.887082,-0.014493,0.550864,0.924556,-0.014662,0.543244,0.913742,-0.010012,0.544084,0.897875,-0.008564,0.590819,0.889864,-0.007817,0.565735,0.914585,-0.008608,0.558288,0.905713,-0.006004,0.558893,0.892703,-0.004266
412,13733,True,0.9982,0.9982,0.580081,0.796646,0.0,0.537572,0.787518,-0.017779,0.501365,0.814147,-0.027163,0.479096,0.858105,-0.032129,0.47211,0.899027,-0.035915,0.533641,0.861014,-0.035622,0.510108,0.925657,-0.045414,0.494366,0.93589,-0.047734,0.486329,0.930656,-0.047186,0.559241,0.879993,-0.027759,0.527785,0.92847,-0.033589,0.516242,0.918146,-0.031744,0.517549,0.900884,-0.030581,0.577694,0.889025,-0.019664,0.546254,0.928555,-0.021667,0.537921,0.9166,-0.016208,0.540358,0.90014,-0.013818,0.589841,0.893754,-0.012813,0.561531,0.919889,-0.015014,0.553529,0.909865,-0.012052,0.555594,0.896289,-0.009787
413,13766,True,0.9983,0.9983,0.580056,0.795361,0.0,0.536701,0.788014,-0.017431,0.500762,0.815253,-0.026101,0.478719,0.859565,-0.030473,0.471437,0.90034,-0.033416,0.534629,0.861075,-0.03367,0.511969,0.925708,-0.043232,0.496724,0.933342,-0.045518,0.489374,0.927001,-0.045139,0.560043,0.879441,-0.026024,0.528889,0.927953,-0.032234,0.517882,0.915535,-0.030833,0.520402,0.897339,-0.029911,0.57838,0.888521,-0.018241,0.547574,0.927874,-0.020746,0.539854,0.914642,-0.015389,0.543343,0.897708,-0.012796,0.590347,0.893546,-0.011721,0.563216,0.919946,-0.014333,0.556128,0.909332,-0.011523,0.559112,0.895593,-0.009259
414,13799,True,0.9984,0.9984,0.57928,0.795594,0.0,0.536791,0.788265,-0.018168,0.50151,0.815067,-0.027517,0.479542,0.859038,-0.032324,0.471403,0.900026,-0.035738,0.534822,0.862109,-0.035945,0.510774,0.927576,-0.045757,0.494864,0.934269,-0.04785,0.486932,0.927511,-0.047296,0.560499,0.880114,-0.027912,0.528872,0.929489,-0.033904,0.517526,0.917178,-0.031963,0.519612,0.89949,-0.030854,0.579123,0.888867,-0.019671,0.548068,0.928922,-0.021905,0.54035,0.915282,-0.015946,0.543788,0.89826,-0.013163,0.591368,0.893442,-0.012761,0.564071,0.920234,-0.015528,0.556957,0.909108,-0.012505,0.560029,0.895185,-0.01009
415,13833,True,0.9978,0.9978,0.579974,0.794822,0.0,0.537274,0.787367,-0.018973,0.501786,0.815746,-0.028238,0.479971,0.859778,-0.032697,0.47266,0.900176,-0.03587,0.535031,0.863106,-0.03665,0.511443,0.927341,-0.046113,0.4939,0.938854,-0.048064,0.483565,0.936093,-0.047522,0.560206,0.8814,-0.02799,0.529049,0.930328,-0.033568,0.516318,0.921951,-0.031353,0.516065,0.90632,-0.030132,0.578115,0.890365,-0.019184,0.547225,0.929571,-0.021883,0.537903,0.918287,-0.016806,0.539128,0.902651,-0.014524,0.589421,0.895306,-0.011674,0.562185,0.921941,-0.014885,0.553506,0.912178,-0.012384,0.554713,0.898956,-0.010294
416,13866,True,0.9975,0.9975,0.579563,0.796485,0.0,0.536382,0.788404,-0.019529,0.500341,0.816699,-0.029259,0.478401,0.861778,-0.034055,0.47178,0.903653,-0.037471,0.534816,0.864061,-0.038144,0.510332,0.929445,-0.048608,0.49254,0.939128,-0.051022,0.4831,0.934005,-0.050524,0.56046,0.882674,-0.029392,0.527592,0.931864,-0.036001,0.514956,0.921043,-0.034024,0.516538,0.903716,-0.032749,0.578706,0.891744,-0.020524,0.546522,0.93163,-0.023932,0.537447,0.918616,-0.018517,0.540258,0.901736,-0.015786,0.590405,0.896746,-0.012947,0.562381,0.924286,-0.01648,0.553954,0.913488,-0.013708,0.556608,0.899265,-0.011338
417,13900,True,0.9981,0.9981,0.580186,0.796269,0.0,0.535887,0.787889,-0.018685,0.499374,0.817444,-0.027893,0.477072,0.861796,-0.032235,0.469841,0.903005,-0.035054,0.53381,0.862778,-0.037317,0.510336,0.929918,-0.047131,0.491078,0.942135,-0.048883,0.480471,0.938312,-0.047917,0.559409,0.88195,-0.028901,0.52539,0.931394,-0.035967,0.51297,0.919053,-0.033621,0.516145,0.899982,-0.031591,0.577397,0.891669,-0.020265,0.543599,0.930719,-0.023907,0.534272,0.915878,-0.017836,0.538162,0.898041,-0.014331,0.588954,0.897062,-0.012882,0.558829,0.923239,-0.016532,0.550231,0.911072,-0.013471,0.553515,0.896712,-0.010715
418,13933,True,0.9977,0.9977,0.579966,0.795203,0.0,0.536227,0.78792,-0.018554,0.499462,0.816591,-0.027515,0.476933,0.86151,-0.031673,0.469684,0.903432,-0.034522,0.533026,0.862764,-0.035922,0.510984,0.927053,-0.044868,0.493973,0.939612,-0.046579,0.484009,0.937817,-0.045973,0.558251,0.881374,-0.02739,0.527218,0.930005,-0.032617,0.515007,0.919826,-0.030242,0.515707,0.902339,-0.028948,0.576428,0.89055,-0.018663,0.545166,0.929612,-0.020725,0.536217,0.917513,-0.015138,0.538386,0.900924,-0.012591,0.588252,0.895559,-0.011238,0.560401,0.922372,-0.013699,0.551891,0.912354,-0.010901,0.553712,0.898724,-0.008767
419,13966,True,0.9981,0.9981,0.581598,0.793104,0.0,0.538389,0.78655,-0.017069,0.501933,0.814791,-0.025058,0.480065,0.859352,-0.02864,0.473955,0.899492,-0.030953,0.534897,0.861281,-0.032436,0.513389,0.923177,-0.040303,0.498931,0.933423,-0.041711,0.490612,0.930081,-0.041041,0.559492,0.879107,-0.024357,0.530804,0.92552,-0.028271,0.519418,0.917209,-0.026192,0.51885,0.901658,-0.025388,0.577304,0.887809,-0.016069,0.548259,0.924808,-0.016924,0.539981,0.914814,-0.012224,0.540922,0.899714,-0.010595,0.588816,0.89254,-0.009016,0.562788,0.917248,-0.01029,0.554761,0.908485,-0.007747,0.555691,0.895541,-0.006009
420,14000,True,0.9974,0.9974,0.579247,0.795814,0.0,0.536256,0.788043,-0.017674,0.501791,0.814916,-0.026003,0.480067,0.859615,-0.029561,0.470594,0.899981,-0.03172,0.534607,0.862924,-0.035242,0.510603,0.927855,-0.04267,0.494298,0.934818,-0.042725,0.485745,0.92876,-0.041067,0.5596,0.881626,-0.026515,0.526399,0.926321,-0.030309,0.515482,0.912897,-0.027007,0.517743,0.895608,-0.025256,0.577474,0.88964,-0.01738,0.544981,0.925425,-0.018035,0.53736,0.911405,-0.01167,0.540586,0.894881,-0.008963,0.58907,0.893377,-0.009503,0.561417,0.916866,-0.011414,0.554014,0.905608,-0.008355,0.556259,0.892091,-0.006049
421,14033,True,0.9982,0.9982,0.579515,0.79679,0.0,0.535652,0.788996,-0.017839,0.500437,0.816437,-0.0265,0.478604,0.860691,-0.030339,0.47141,0.901226,-0.032811,0.534809,0.86223,-0.037169,0.511075,0.928805,-0.045997,0.492366,0.938505,-0.047141,0.481286,0.934385,-0.046142,0.560092,0.88124,-0.028854,0.526677,0.929752,-0.034189,0.514232,0.918726,-0.031294,0.515764,0.901818,-0.029673,0.577778,0.890393,-0.02011,0.545572,0.929739,-0.022258,0.536187,0.916739,-0.016209,0.538722,0.899931,-0.01338,0.588918,0.895227,-0.012588,0.561463,0.923238,-0.015639,0.552836,0.912925,-0.012737,0.554803,0.89906,-0.010374
422,14066,True,0.9985,0.9985,0.57976,0.795775,0.0,0.536669,0.787971,-0.017837,0.501419,0.814704,-0.026366,0.479336,0.85863,-0.030173,0.471278,0.899294,-0.032721,0.533782,0.862492,-0.035502,0.511059,0.927396,-0.043658,0.49422,0.936694,-0.044658,0.484434,0.932077,-0.043622,0.559021,0.880672,-0.027005,0.528189,0.928004,-0.031134,0.516536,0.917858,-0.028194,0.517488,0.901238,-0.026788,0.577182,0.888852,-0.0182,0.547189,0.926856,-0.01953,0.538922,0.914536,-0.013992,0.541348,0.898126,-0.01174,0.589013,0.89288,-0.010601,0.563071,0.919271,-0.012947,0.555506,0.908743,-0.010207,0.557693,0.894757,-0.008131
423,14100,True,0.9974,0.9974,0.579713,0.796075,0.0,0.536402,0.788029,-0.017555,0.501796,0.814513,-0.026002,0.480202,0.85847,-0.029848,0.471758,0.898941,-0.032247,0.533457,0.864386,-0.034369,0.510251,0.928895,-0.042419,0.494052,0.934314,-0.043074,0.486004,0.926117,-0.041683,0.558689,0.882378,-0.025976,0.527138,0.927,-0.029877,0.516546,0.913417,-0.026704,0.519121,0.896083,-0.025131,0.577012,0.889885,-0.017345,0.546441,0.926045,-0.018334,0.539,0.911637,-0.01198,0.542533,0.894922,-0.009247,0.589223,0.892998,-0.009958,0.562814,0.918244,-0.012095,0.555913,0.906339,-0.00879,0.55893,0.892195,-0.0063
424,14133,True,0.998,0.998,0.579204,0.795778,0.0,0.535641,0.788952,-0.018106,0.500424,0.815493,-0.026754,0.479013,0.859584,-0.030816,0.470592,0.900589,-0.033465,0.534178,0.864756,-0.033948,0.510702,0.928535,-0.042361,0.494225,0.936078,-0.04367,0.4851,0.930012,-0.042843,0.559413,0.882753,-0.025586,0.527857,0.930039,-0.030214,0.516374,0.918193,-0.027876,0.517882,0.900556,-0.026715,0.577368,0.890529,-0.017062,0.546667,0.929273,-0.018903,0.538675,0.916019,-0.013163,0.541589,0.899224,-0.010533,0.588868,0.893997,-0.009805,0.562281,0.922415,-0.012553,0.554891,0.911695,-0.009553,0.557429,0.897635,-0.007137
425,14166,True,0.9982,0.9982,0.579888,0.795139,0.0,0.537552,0.78747,-0.018167,0.502878,0.812441,-0.027181,0.480463,0.855082,-0.031612,0.471424,0.895475,-0.034545,0.534608,0.862332,-0.034946,0.511509,0.926956,-0.043776,0.496194,0.933051,-0.045008,0.488543,0.925665,-0.0439,0.559503,0.880478,-0.026679,0.528776,0.927592,-0.031421,0.517933,0.916111,-0.028895,0.519869,0.899064,-0.027621,0.577664,0.888766,-0.018276,0.547095,0.926867,-0.020248,0.539837,0.913839,-0.01472,0.543338,0.897321,-0.012244,0.589639,0.892942,-0.011124,0.563167,0.920523,-0.013882,0.556336,0.90913,-0.010946,0.559285,0.894439,-0.008573
426,14200,True,0.9981,0.9981,0.57991,0.795098,0.0,0.53724,0.78775,-0.016148,0.50288,0.812685,-0.024309,0.481345,0.855831,-0.028467,0.47325,0.895487,-0.031082,0.534525,0.861831,-0.031135,0.513548,0.924989,-0.039912,0.501492,0.92696,-0.041747,0.497196,0.916249,-0.041011,0.55929,0.879646,-0.023811,0.530866,0.924828,-0.027869,0.521429,0.912131,-0.025799,0.524133,0.894834,-0.025016,0.577647,0.887684,-0.016435,0.549552,0.924311,-0.017396,0.543316,0.911588,-0.011873,0.547057,0.895504,-0.009662,0.590107,0.89172,-0.010219,0.565564,0.917769,-0.011564,0.559661,0.907061,-0.008174,0.562836,0.893133,-0.00576
427,14233,True,0.9978,0.9978,0.579125,0.796796,0.0,0.536763,0.788518,-0.016954,0.502854,0.81278,-0.025557,0.481851,0.855226,-0.029883,0.473134,0.894255,-0.032709,0.535043,0.864213,-0.032675,0.51265,0.926726,-0.040875,0.4988,0.929193,-0.041948,0.492897,0.919244,-0.040811,0.560092,0.882292,-0.024752,0.529067,0.925221,-0.028644,0.519456,0.910354,-0.025783,0.522955,0.892109,-0.024469,0.578551,0.88947,-0.016693,0.547765,0.924914,-0.017671,0.541307,0.910393,-0.011335,0.545707,0.893299,-0.008646,0.591065,0.892439,-0.009851,0.564546,0.917269,-0.011656,0.55818,0.905412,-0.008156,0.561719,0.890981,-0.005619
428,14266,True,0.9985,0.9985,0.579556,0.796064,0.0,0.536822,0.788274,-0.017719,0.501745,0.814005,-0.026627,0.480714,0.85752,-0.031067,0.472369,0.898314,-0.034187,0.534867,0.863347,-0.033443,0.513189,0.926671,-0.041621,0.498917,0.933781,-0.042752,0.492153,0.926773,-0.041725,0.560051,0.880975,-0.025182,0.530755,0.925833,-0.029231,0.520192,0.914326,-0.026729,0.521866,0.897099,-0.025669,0.578456,0.88846,-0.016804,0.549551,0.924997,-0.01803,0.542131,0.912299,-0.012613,0.544922,0.895698,-0.010506,0.59078,0.892135,-0.009637,0.565665,0.917848,-0.0116,0.558404,0.907019,-0.008661,0.560801,0.89276,-0.006506
429,14299,True,0.9986,0.9986,0.579998,0.795784,0.0,0.537429,0.787987,-0.016165,0.502912,0.812725,-0.024696,0.481859,0.855045,-0.029314,0.473743,0.894464,-0.032319,0.535371,0.861805,-0.031479,0.51357,0.925866,-0.041212,0.501299,0.926471,-0.043637,0.497588,0.91408,-0.043011,0.560498,0.879278,-0.024348,0.531266,0.925545,-0.029435,0.522099,0.911435,-0.027598,0.525851,0.893491,-0.026742,0.578927,0.887211,-0.017212,0.549984,0.925456,-0.018918,0.543581,0.911489,-0.012965,0.547911,0.894711,-0.010254,0.591446,0.891336,-0.011258,0.56598,0.918591,-0.013144,0.55984,0.906933,-0.009484,0.563547,0.892625,-0.006737
430,14333,True,0.9983,0.9983,0.579652,0.796704,0.0,0.536667,0.788097,-0.017107,0.501825,0.8132,-0.025766,0.480987,0.856528,-0.030269,0.472921,0.896969,-0.033212,0.535258,0.864582,-0.031569,0.512325,0.926893,-0.040647,0.499083,0.927962,-0.042644,0.494674,0.916135,-0.04184,0.560479,0.881888,-0.023705,0.530207,0.925265,-0.028088,0.520546,0.911065,-0.026009,0.523965,0.893653,-0.025116,0.578824,0.889129,-0.015882,0.549065,0.924521,-0.017331,0.542368,0.910378,-0.011541,0.546571,0.893892,-0.009046,0.591231,0.892556,-0.009288,0.564824,0.917353,-0.011212,0.558413,0.905203,-0.007744,0.562173,0.89068,-0.005123
431,14366,True,0.9988,0.9988,0.580339,0.795849,0.0,0.537227,0.787358,-0.017747,0.50137,0.813313,-0.026862,0.480011,0.857429,-0.031351,0.470935,0.898818,-0.034596,0.534046,0.860904,-0.035018,0.512192,0.927106,-0.043289,0.496837,0.935504,-0.044287,0.489001,0.929177,-0.043088,0.55977,0.878934,-0.026549,0.530242,0.926172,-0.030311,0.519085,0.915729,-0.027258,0.520174,0.899061,-0.025891,0.578507,0.887022,-0.017849,0.549495,0.924874,-0.018598,0.54172,0.912763,-0.01287,0.544255,0.896267,-0.010708,0.59093,0.891101,-0.010353,0.565642,0.916743,-0.012016,0.558134,0.906087,-0.008996,0.56041,0.892085,-0.00684
432,14400,True,0.9978,0.9978,0.579543,0.795296,0.0,0.536307,0.788596,-0.016968,0.500371,0.815,-0.024815,0.479356,0.859937,-0.028327,0.470625,0.900435,-0.030429,0.533309,0.860376,-0.031656,0.512693,0.924672,-0.038967,0.498755,0.934493,-0.039634,0.491186,0.930711,-0.038642,0.558367,0.878986,-0.023881,0.528497,0.925959,-0.028297,0.517936,0.914517,-0.025944,0.519638,0.89653,-0.024666,0.576739,0.887886,-0.015944,0.546612,0.926042,-0.01732,0.539717,0.913544,-0.011643,0.542499,0.897,-0.009123,0.588923,0.89263,-0.009248,0.561897,0.917565,-0.011303,0.555059,0.907858,-0.008535,0.557031,0.895121,-0.006443
433,14433,True,0.9983,0.9983,0.579733,0.794621,0.0,0.536552,0.788319,-0.016207,0.50084,0.814948,-0.023748,0.480088,0.860349,-0.027017,0.471398,0.900227,-0.028863,0.534276,0.860085,-0.03104,0.515386,0.92149,-0.038368,0.504417,0.929321,-0.039206,0.499599,0.924146,-0.0383,0.559259,0.878206,-0.023557,0.531408,0.923439,-0.027395,0.521244,0.91332,-0.025351,0.521995,0.896521,-0.024626,0.57749,0.886674,-0.015881,0.54925,0.923287,-0.016697,0.542025,0.912962,-0.011639,0.543655,0.89772,-0.009853,0.589704,0.890894,-0.009355,0.564582,0.914886,-0.010589,0.5577,0.906194,-0.007867,0.558926,0.894,-0.006079
434,14466,True,0.9976,0.9976,0.579239,0.795806,0.0,0.536922,0.788326,-0.017297,0.500697,0.815,-0.025456,0.480086,0.859813,-0.029116,0.471463,0.899413,-0.03118,0.536627,0.862724,-0.032256,0.51649,0.921213,-0.040275,0.505035,0.925465,-0.041446,0.501014,0.917548,-0.04036,0.561278,0.879744,-0.024106,0.532939,0.9239,-0.028052,0.522692,0.913299,-0.025881,0.523999,0.89709,-0.024943,0.578489,0.887101,-0.015879,0.549832,0.923293,-0.017089,0.542507,0.912051,-0.012188,0.544918,0.896583,-0.010261,0.58963,0.890179,-0.00881,0.563671,0.915241,-0.010057,0.55735,0.905712,-0.007222,0.559674,0.893073,-0.005266
435,14500,True,0.9976,0.9976,0.579869,0.797102,0.0,0.537472,0.787961,-0.016585,0.501564,0.813613,-0.024952,0.481115,0.857203,-0.029048,0.473267,0.896909,-0.031775,0.534596,0.861465,-0.032623,0.5127,0.923926,-0.041122,0.498924,0.932003,-0.042773,0.492769,0.926237,-0.042053,0.55919,0.880245,-0.025109,0.52811,0.923894,-0.03025,0.517934,0.910015,-0.028208,0.520662,0.891026,-0.026989,0.576812,0.888134,-0.017344,0.545416,0.924173,-0.018958,0.538142,0.91049,-0.012912,0.541571,0.893798,-0.010188,0.588712,0.891584,-0.010778,0.56008,0.914929,-0.012467,0.553293,0.903872,-0.00904,0.556062,0.890792,-0.006575
436,14533,True,0.9982,0.9982,0.579567,0.795896,0.0,0.537333,0.78773,-0.016679,0.502222,0.814533,-0.024247,0.481355,0.858819,-0.027501,0.472778,0.897536,-0.029198,0.535905,0.861579,-0.03113,0.515029,0.92318,-0.03887,0.502983,0.928133,-0.040118,0.498004,0.920467,-0.039324,0.560364,0.879674,-0.02323,0.531653,0.924013,-0.027126,0.521494,0.912343,-0.0251,0.522938,0.895337,-0.024306,0.578038,0.887741,-0.01522,0.54931,0.923681,-0.016128,0.542185,0.911877,-0.010943,0.544581,0.896318,-0.008982,0.589724,0.891405,-0.008414,0.564245,0.914858,-0.009853,0.557485,0.905424,-0.007118,0.559358,0.893077,-0.005227
437,14566,True,0.9983,0.9983,0.579551,0.79799,0.0,0.537658,0.787558,-0.019574,0.501046,0.813646,-0.029397,0.478691,0.856761,-0.034225,0.470245,0.897661,-0.037815,0.536414,0.860704,-0.038345,0.512933,0.925857,-0.047786,0.495584,0.938771,-0.049783,0.485679,0.937452,-0.049416,0.561436,0.880131,-0.02954,0.528394,0.927377,-0.036006,0.516625,0.915334,-0.033885,0.518734,0.897509,-0.032484,0.57891,0.889203,-0.020472,0.546342,0.928268,-0.023114,0.538268,0.91483,-0.017083,0.541617,0.898232,-0.014173,0.590036,0.894187,-0.012781,0.561472,0.920834,-0.015616,0.553776,0.909731,-0.012589,0.556857,0.895878,-0.010246
438,14600,True,0.9988,0.9988,0.581535,0.793337,0.0,0.538788,0.786626,-0.015907,0.502635,0.81284,-0.023611,0.480227,0.855602,-0.02736,0.473457,0.895068,-0.029425,0.535043,0.859287,-0.029595,0.515505,0.91999,-0.038305,0.505896,0.921806,-0.040474,0.503371,0.911447,-0.039956,0.559523,0.877557,-0.022569,0.532939,0.922592,-0.02715,0.524198,0.910319,-0.02608,0.526743,0.892627,-0.025726,0.577574,0.886412,-0.015499,0.550268,0.922892,-0.016789,0.544505,0.910563,-0.012065,0.547899,0.894185,-0.010151,0.589886,0.891015,-0.009597,0.564668,0.915317,-0.010929,0.559144,0.904951,-0.008051,0.561844,0.891184,-0.00594
439,14633,True,0.9982,0.9982,0.579016,0.796711,0.0,0.536598,0.787262,-0.019118,0.49945,0.815257,-0.028659,0.478143,0.860556,-0.032948,0.469838,0.902023,-0.036073,0.534164,0.862851,-0.039528,0.511276,0.927788,-0.04854,0.494187,0.941496,-0.049844,0.484365,0.940395,-0.048871,0.560434,0.881854,-0.030509,0.528241,0.929399,-0.035893,0.515649,0.919239,-0.03311,0.516189,0.902179,-0.031538,0.578697,0.890063,-0.02102,0.546365,0.929021,-0.022518,0.537028,0.917376,-0.016471,0.538979,0.900966,-0.013891,0.590321,0.893761,-0.012828,0.561717,0.919702,-0.01473,0.553177,0.910233,-0.011709,0.555306,0.897191,-0.009555
440,14666,True,0.9981,0.9981,0.581775,0.795576,0.0,0.538366,0.7869,-0.018731,0.500579,0.814983,-0.028287,0.478281,0.858728,-0.032927,0.473272,0.899657,-0.036363,0.534716,0.855854,-0.038757,0.51385,0.922967,-0.048722,0.495371,0.941201,-0.050904,0.483794,0.943468,-0.050441,0.560172,0.875651,-0.030497,0.52918,0.928921,-0.037445,0.516483,0.920893,-0.03528,0.517558,0.903485,-0.033463,0.578204,0.886415,-0.021792,0.546982,0.927306,-0.024739,0.53801,0.915829,-0.018701,0.540833,0.899013,-0.015458,0.589923,0.892654,-0.014405,0.561811,0.91899,-0.01725,0.553454,0.908736,-0.014128,0.556092,0.895004,-0.011548
441,14700,True,0.9983,0.9983,0.580989,0.797455,0.0,0.537355,0.786867,-0.019506,0.501242,0.814236,-0.029034,0.479557,0.859104,-0.033194,0.472479,0.900501,-0.035867,0.536472,0.860736,-0.039897,0.513252,0.928803,-0.048546,0.494224,0.94116,-0.049285,0.483882,0.938366,-0.047971,0.56214,0.880411,-0.030497,0.528498,0.929935,-0.036081,0.515606,0.918555,-0.032716,0.517543,0.901506,-0.030589,0.579674,0.88955,-0.020617,0.546828,0.930044,-0.022201,0.536958,0.917503,-0.015503,0.539757,0.900883,-0.012405,0.590079,0.894184,-0.012125,0.56181,0.920072,-0.014641,0.553137,0.910158,-0.011695,0.555895,0.897071,-0.009461
442,14733,True,0.9984,0.9984,0.582468,0.794585,0.0,0.538695,0.786258,-0.018628,0.501362,0.815008,-0.02788,0.478064,0.859262,-0.032242,0.472053,0.900622,-0.035424,0.535229,0.857724,-0.038057,0.512426,0.924813,-0.047458,0.493378,0.941004,-0.049432,0.481407,0.942475,-0.049016,0.561155,0.876781,-0.029618,0.529281,0.927794,-0.036065,0.51651,0.918659,-0.033825,0.517112,0.902493,-0.032233,0.579096,0.886572,-0.020739,0.547747,0.927025,-0.023344,0.538097,0.915438,-0.017363,0.540147,0.899332,-0.014396,0.590121,0.892148,-0.013185,0.561914,0.917948,-0.016089,0.553311,0.907845,-0.013073,0.555496,0.894414,-0.010609
443,14766,True,0.9982,0.9982,0.581914,0.795454,0.0,0.538633,0.787479,-0.018165,0.50191,0.81387,-0.027792,0.478523,0.857067,-0.03258,0.471861,0.898131,-0.03565,0.536375,0.85946,-0.038157,0.5132,0.928421,-0.047245,0.495473,0.935602,-0.048004,0.487406,0.927752,-0.046372,0.562421,0.878151,-0.029843,0.529439,0.92887,-0.035596,0.517303,0.91666,-0.032514,0.519865,0.899255,-0.030484,0.580397,0.887598,-0.02107,0.548299,0.928283,-0.022393,0.539314,0.914955,-0.015368,0.542805,0.898025,-0.012026,0.591343,0.892573,-0.01368,0.563224,0.917916,-0.015669,0.555588,0.907309,-0.012127,0.558935,0.894094,-0.009426
444,14799,True,0.9973,0.9973,0.581416,0.793828,0.0,0.538465,0.786493,-0.019308,0.502562,0.814167,-0.028714,0.480296,0.859128,-0.033115,0.472807,0.9008,-0.036496,0.535393,0.86469,-0.037436,0.512001,0.927466,-0.04665,0.493753,0.9407,-0.048774,0.481097,0.940475,-0.048631,0.561095,0.883395,-0.028417,0.529966,0.929024,-0.032777,0.516601,0.920508,-0.029992,0.514123,0.905651,-0.028882,0.579597,0.890759,-0.019225,0.549153,0.927421,-0.02072,0.539137,0.916823,-0.015255,0.538501,0.901875,-0.013272,0.591482,0.893203,-0.011378,0.565615,0.917929,-0.013598,0.55642,0.908433,-0.010741,0.556515,0.895106,-0.008693
445,14833,True,0.9978,0.9978,0.581938,0.793102,0.0,0.537787,0.785722,-0.019626,0.501424,0.814783,-0.028722,0.479786,0.860406,-0.032536,0.471871,0.901886,-0.035153,0.536865,0.863441,-0.038612,0.512403,0.928619,-0.047868,0.493135,0.941192,-0.049715,0.480594,0.940385,-0.049306,0.563021,0.881839,-0.02929,0.530093,0.930225,-0.03478,0.516775,0.920122,-0.0324,0.516258,0.903209,-0.031129,0.580936,0.889756,-0.019618,0.549121,0.928146,-0.021769,0.539612,0.915864,-0.016032,0.541035,0.899209,-0.013488,0.592009,0.892767,-0.011316,0.56492,0.91813,-0.014275,0.5565,0.907094,-0.011511,0.558131,0.892705,-0.009247
446,14866,True,0.9978,0.9978,0.582199,0.794034,0.0,0.539153,0.786553,-0.019804,0.502241,0.814652,-0.029388,0.479691,0.859222,-0.033822,0.472608,0.900828,-0.037093,0.536536,0.863994,-0.039534,0.511771,0.928891,-0.05006,0.491715,0.941253,-0.052595,0.478686,0.939874,-0.052402,0.562058,0.883323,-0.030567,0.528841,0.934225,-0.036871,0.513755,0.926196,-0.034887,0.511871,0.909806,-0.033782,0.580085,0.892278,-0.021366,0.548014,0.932437,-0.024416,0.537154,0.921318,-0.019371,0.537674,0.904597,-0.017016,0.591514,0.89627,-0.013487,0.564713,0.924595,-0.016893,0.555076,0.914734,-0.014335,0.555968,0.90007,-0.012104
447,14900,True,0.9978,0.9978,0.581374,0.792101,0.0,0.537311,0.785411,-0.019779,0.500595,0.815145,-0.029201,0.478337,0.860331,-0.033605,0.469996,0.901983,-0.036718,0.536018,0.863316,-0.038514,0.510963,0.927791,-0.048552,0.491725,0.94045,-0.050413,0.479571,0.938936,-0.049703,0.5613,0.882116,-0.029568,0.526852,0.933436,-0.035874,0.512043,0.925376,-0.033763,0.51083,0.909511,-0.032211,0.57872,0.890824,-0.020389,0.544544,0.93047,-0.023646,0.534613,0.91836,-0.018291,0.536154,0.902244,-0.015452,0.589576,0.894801,-0.012539,0.559718,0.921558,-0.016113,0.550672,0.910177,-0.01329,0.552648,0.895578,-0.010683
448,14933,True,0.9974,0.9974,0.580605,0.794114,0.0,0.536363,0.785522,-0.020084,0.498844,0.815587,-0.029858,0.476208,0.86224,-0.034427,0.469984,0.90454,-0.037603,0.535348,0.862872,-0.040748,0.509377,0.929429,-0.051209,0.489211,0.941656,-0.052938,0.477348,0.94012,-0.052082,0.561157,0.882633,-0.031835,0.524521,0.934551,-0.039297,0.510167,0.923674,-0.036917,0.511248,0.906471,-0.034897,0.578597,0.892653,-0.022577,0.543226,0.933462,-0.026534,0.533417,0.919948,-0.020456,0.536479,0.903225,-0.016942,0.589229,0.898302,-0.014653,0.558361,0.926567,-0.018544,0.549349,0.914884,-0.015386,0.552388,0.900381,-0.012492
449,14966,True,0.9968,0.9968,0.579613,0.794199,0.0,0.534914,0.785689,-0.0193,0.497346,0.8162,-0.029068,0.474597,0.862286,-0.033495,0.468515,0.903101,-0.036552,0.534068,0.861445,-0.042103,0.508593,0.929961,-0.052984,0.486159,0.944485,-0.055366,0.472126,0.945054,-0.055061,0.560094,0.881815,-0.033368,0.522936,0.931373,-0.041389,0.509683,0.91878,-0.038565,0.512547,0.900843,-0.036302,0.577476,0.891764,-0.024065,0.541629,0.931086,-0.028243,0.532112,0.916233,-0.021153,0.53613,0.898802,-0.017078,0.587832,0.89672,-0.01604,0.556603,0.923044,-0.020087,0.547901,0.910354,-0.01628,0.551528,0.895766,-0.012972
450,15000,True,0.9983,0.9983,0.579877,0.795216,0.0,0.534051,0.785549,-0.019742,0.495441,0.816274,-0.029107,0.472012,0.863469,-0.033131,0.466252,0.905488,-0.035671,0.532847,0.859915,-0.040902,0.50744,0.930447,-0.05137,0.485893,0.943449,-0.053509,0.472868,0.941786,-0.052969,0.558745,0.880701,-0.031877,0.522122,0.933927,-0.039503,0.507565,0.923066,-0.037303,0.508996,0.905244,-0.035404,0.57612,0.891264,-0.022373,0.541191,0.933197,-0.026211,0.530716,0.919279,-0.020082,0.533496,0.901728,-0.016572,0.586348,0.897138,-0.014199,0.555551,0.925083,-0.018206,0.546155,0.913349,-0.015166,0.54888,0.898463,-0.012369
451,15033,True,0.9979,0.9979,0.579526,0.794323,0.0,0.534026,0.786401,-0.01797,0.496621,0.817052,-0.026373,0.473465,0.863483,-0.030144,0.465802,0.905178,-0.032362,0.531567,0.860867,-0.035985,0.507765,0.928284,-0.045333,0.489019,0.937971,-0.046683,0.479119,0.932655,-0.045522,0.557031,0.879932,-0.027891,0.522964,0.932306,-0.034714,0.510367,0.920604,-0.032691,0.513139,0.902432,-0.030797,0.574808,0.889565,-0.019439,0.542053,0.930256,-0.022359,0.533522,0.915954,-0.016108,0.537676,0.8986,-0.01252,0.586067,0.894826,-0.012291,0.556629,0.921867,-0.015212,0.549165,0.909742,-0.011868,0.553033,0.895341,-0.00895
452,15066,True,0.9972,0.9972,0.578415,0.793906,0.0,0.533718,0.786614,-0.018847,0.497363,0.816143,-0.027547,0.474113,0.861285,-0.031102,0.465681,0.902268,-0.033253,0.532824,0.862671,-0.038267,0.508577,0.927878,-0.045796,0.490396,0.93864,-0.045585,0.479776,0.935614,-0.043761,0.558248,0.881444,-0.028989,0.524278,0.930844,-0.033103,0.510553,0.920498,-0.029434,0.510514,0.903344,-0.027319,0.575667,0.889874,-0.019217,0.542374,0.929316,-0.02045,0.531992,0.916784,-0.014592,0.533442,0.900277,-0.012062,0.586221,0.89398,-0.010691,0.557427,0.919782,-0.012952,0.548234,0.909368,-0.010342,0.549776,0.895754,-0.008392
453,15100,True,0.9984,0.9984,0.579147,0.794701,0.0,0.533818,0.78643,-0.019088,0.496433,0.816237,-0.028024,0.474029,0.861596,-0.031903,0.467067,0.90331,-0.034358,0.533051,0.86211,-0.038122,0.509061,0.928131,-0.046918,0.488593,0.940748,-0.047974,0.475954,0.938159,-0.046695,0.558851,0.881114,-0.028998,0.525196,0.93288,-0.033817,0.5096,0.926121,-0.030589,0.507863,0.910842,-0.028482,0.576483,0.890368,-0.019546,0.543631,0.929639,-0.0211,0.532079,0.918992,-0.015453,0.532429,0.903009,-0.012811,0.587298,0.89497,-0.011438,0.558754,0.920088,-0.013531,0.548963,0.910229,-0.010745,0.550136,0.896205,-0.008478
454,15133,True,0.9982,0.9982,0.579653,0.794902,0.0,0.534681,0.786353,-0.020085,0.496784,0.816454,-0.029235,0.473978,0.862512,-0.033167,0.468139,0.904549,-0.035558,0.534244,0.863775,-0.038612,0.509805,0.928647,-0.047656,0.489506,0.9409,-0.048841,0.47718,0.93908,-0.047799,0.559695,0.882859,-0.029214,0.525568,0.93414,-0.0348,0.50984,0.926439,-0.0321,0.50814,0.911324,-0.030295,0.576621,0.892135,-0.01957,0.542882,0.932381,-0.022227,0.530708,0.921595,-0.017081,0.530683,0.906131,-0.014578,0.586709,0.896955,-0.011293,0.556659,0.923139,-0.014393,0.546278,0.913015,-0.012038,0.54731,0.89884,-0.009992
455,15166,True,0.9979,0.9979,0.581583,0.795111,0.0,0.536559,0.78604,-0.019542,0.498891,0.815791,-0.028333,0.476428,0.861951,-0.032005,0.470287,0.903373,-0.034236,0.534528,0.862184,-0.038108,0.511032,0.927511,-0.047044,0.491428,0.939992,-0.04823,0.478949,0.938186,-0.047229,0.559445,0.881358,-0.028879,0.526858,0.932976,-0.033715,0.511185,0.927535,-0.030765,0.508037,0.913998,-0.029095,0.576491,0.890619,-0.01942,0.544515,0.930448,-0.021255,0.532427,0.921295,-0.016192,0.531237,0.906822,-0.014099,0.586941,0.895252,-0.011351,0.558858,0.921104,-0.013715,0.548677,0.912045,-0.011288,0.548816,0.89858,-0.009436
456,15200,True,0.9973,0.9973,0.580773,0.793065,0.0,0.537258,0.785749,-0.018603,0.500589,0.814968,-0.027229,0.477797,0.860336,-0.030618,0.470688,0.901243,-0.032639,0.534636,0.863035,-0.03778,0.510487,0.927049,-0.045238,0.492703,0.938461,-0.045166,0.482072,0.936157,-0.043556,0.559337,0.881603,-0.028392,0.526514,0.924975,-0.031783,0.514442,0.912984,-0.027522,0.514762,0.896673,-0.025417,0.57655,0.889574,-0.018557,0.54452,0.923501,-0.019257,0.536079,0.910233,-0.012616,0.53806,0.894139,-0.009945,0.587415,0.89298,-0.010023,0.559179,0.91412,-0.011952,0.551032,0.902458,-0.008857,0.552985,0.888613,-0.006678
457,15233,True,0.9968,0.9968,0.581362,0.795632,0.0,0.536738,0.786939,-0.020535,0.499058,0.816072,-0.031149,0.475561,0.861332,-0.035802,0.469326,0.903135,-0.038915,0.535592,0.861037,-0.04582,0.509827,0.929714,-0.055895,0.488936,0.942054,-0.056215,0.47665,0.938956,-0.054081,0.56142,0.881595,-0.035852,0.524259,0.930015,-0.0415,0.509954,0.918787,-0.036397,0.509925,0.902235,-0.033209,0.578645,0.891974,-0.025288,0.543299,0.930802,-0.027375,0.532237,0.917611,-0.019933,0.53347,0.900725,-0.016423,0.588765,0.897464,-0.016097,0.5585,0.92153,-0.019065,0.548405,0.910222,-0.015765,0.549639,0.896177,-0.013224
458,15266,True,0.9977,0.9977,0.581661,0.794543,0.0,0.537059,0.785996,-0.020425,0.500632,0.814939,-0.031037,0.47706,0.859787,-0.035937,0.468344,0.90145,-0.039319,0.535068,0.861944,-0.043192,0.509052,0.930488,-0.053009,0.48864,0.942711,-0.053729,0.476501,0.940011,-0.052059,0.560452,0.882024,-0.033296,0.523581,0.929721,-0.038951,0.510449,0.917235,-0.03441,0.51158,0.899963,-0.031513,0.577948,0.891459,-0.022957,0.542409,0.929093,-0.025149,0.532778,0.914652,-0.01783,0.53537,0.897317,-0.014287,0.588495,0.89592,-0.014006,0.558184,0.919477,-0.01686,0.549264,0.906962,-0.013392,0.551573,0.892551,-0.010697
459,15299,True,0.9972,0.9972,0.581613,0.79401,0.0,0.536865,0.786012,-0.020335,0.499945,0.815322,-0.03112,0.476339,0.860662,-0.036216,0.468218,0.902558,-0.039618,0.535419,0.859259,-0.044028,0.510057,0.929683,-0.054134,0.489497,0.942463,-0.05463,0.477401,0.939923,-0.0527,0.560591,0.880165,-0.034446,0.523747,0.931079,-0.040603,0.50994,0.919027,-0.036023,0.510923,0.901245,-0.032918,0.577783,0.89105,-0.024351,0.542071,0.931504,-0.026793,0.531573,0.917277,-0.019225,0.533802,0.899863,-0.01536,0.588018,0.897005,-0.015666,0.557184,0.922502,-0.018701,0.547571,0.91083,-0.015187,0.549511,0.896775,-0.01238
460,15333,True,0.9981,0.9981,0.582162,0.795387,0.0,0.537841,0.786926,-0.019823,0.500233,0.816297,-0.03011,0.476881,0.861129,-0.034957,0.469149,0.902441,-0.03821,0.535441,0.858217,-0.04266,0.510443,0.927579,-0.053798,0.48971,0.942708,-0.055727,0.47699,0.942925,-0.054788,0.560628,0.879601,-0.033641,0.52382,0.930485,-0.041569,0.509584,0.919469,-0.03844,0.510061,0.901579,-0.035962,0.577912,0.891551,-0.024169,0.541722,0.9319,-0.028025,0.531132,0.918612,-0.020998,0.53321,0.901225,-0.016985,0.588196,0.898894,-0.016084,0.556271,0.924267,-0.019844,0.545958,0.913318,-0.016568,0.547491,0.89948,-0.013665
461,15366,True,0.9975,0.9975,0.581583,0.795476,0.0,0.537001,0.786781,-0.019328,0.49967,0.816367,-0.028915,0.476349,0.86176,-0.033056,0.470418,0.902821,-0.035708,0.535773,0.85893,-0.041721,0.51114,0.926669,-0.051317,0.491244,0.940307,-0.052276,0.479161,0.939726,-0.05095,0.561356,0.879673,-0.032484,0.525251,0.92818,-0.038898,0.512284,0.916015,-0.035263,0.513922,0.898504,-0.032731,0.578584,0.890528,-0.022651,0.543058,0.928431,-0.025278,0.533924,0.914072,-0.018019,0.537126,0.896972,-0.014178,0.58872,0.896697,-0.014163,0.557481,0.920003,-0.01708,0.548881,0.907985,-0.013593,0.551609,0.894068,-0.010764
462,15400,True,0.9968,0.9968,0.581167,0.794833,0.0,0.5372,0.786148,-0.018559,0.500416,0.815026,-0.027685,0.478659,0.860314,-0.031576,0.472204,0.901192,-0.034136,0.535274,0.860143,-0.039666,0.512078,0.925469,-0.048533,0.494174,0.938904,-0.049368,0.483451,0.937944,-0.04815,0.560792,0.879882,-0.030796,0.527388,0.925492,-0.035964,0.515455,0.913787,-0.032309,0.516929,0.89681,-0.030272,0.57852,0.889188,-0.021388,0.5453,0.925598,-0.023355,0.536924,0.912085,-0.016423,0.53989,0.895583,-0.013218,0.58966,0.893737,-0.013232,0.560701,0.916953,-0.015631,0.55262,0.905423,-0.012093,0.555247,0.891697,-0.009513
463,15433,True,0.9971,0.9971,0.580845,0.795155,0.0,0.537168,0.786197,-0.018558,0.500469,0.813857,-0.027546,0.478961,0.858672,-0.031305,0.470799,0.89919,-0.033808,0.535019,0.858309,-0.039888,0.510996,0.925756,-0.048524,0.49209,0.939571,-0.049281,0.480417,0.939896,-0.048212,0.56073,0.878506,-0.031238,0.526306,0.927135,-0.036738,0.514247,0.914531,-0.033068,0.516647,0.896149,-0.03085,0.578895,0.888061,-0.022007,0.544897,0.926322,-0.023914,0.536984,0.911466,-0.016513,0.54083,0.893881,-0.012901,0.59074,0.892486,-0.014107,0.561755,0.916843,-0.016861,0.554224,0.904902,-0.013371,0.557222,0.891095,-0.010725
464,15466,True,0.9982,0.9982,0.581082,0.795319,0.0,0.537125,0.785782,-0.018124,0.501622,0.812518,-0.026713,0.480411,0.856763,-0.030224,0.471081,0.896521,-0.032411,0.534621,0.861924,-0.037846,0.509148,0.928056,-0.045965,0.489711,0.938873,-0.046412,0.477781,0.936674,-0.045074,0.559821,0.88195,-0.028939,0.525022,0.929356,-0.033254,0.51172,0.917939,-0.029504,0.512462,0.900946,-0.027393,0.577315,0.890525,-0.019516,0.544059,0.928427,-0.021134,0.534289,0.915011,-0.014891,0.536191,0.898447,-0.012091,0.58832,0.8937,-0.011258,0.559993,0.918272,-0.013972,0.551378,0.907039,-0.010896,0.553449,0.893257,-0.008477
465,15500,True,0.9975,0.9975,0.581044,0.796082,0.0,0.535806,0.78606,-0.018884,0.499022,0.814601,-0.028559,0.476261,0.860275,-0.032928,0.468338,0.901817,-0.035865,0.533633,0.859911,-0.042154,0.508269,0.929108,-0.052153,0.487841,0.941052,-0.053406,0.475972,0.938443,-0.052262,0.559567,0.880474,-0.033592,0.523144,0.932477,-0.040537,0.509734,0.92101,-0.037323,0.511844,0.903141,-0.035063,0.577324,0.890838,-0.02434,0.542295,0.932644,-0.027244,0.531859,0.918621,-0.02013,0.53487,0.900946,-0.016445,0.588364,0.895898,-0.016374,0.557975,0.923178,-0.019809,0.548913,0.912168,-0.016365,0.55157,0.898428,-0.013563
466,15533,True,0.9974,0.9974,0.5806,0.795972,0.0,0.535216,0.785998,-0.019132,0.498536,0.815184,-0.028246,0.47568,0.861237,-0.032102,0.467759,0.902871,-0.034586,0.534039,0.861405,-0.040149,0.508799,0.929216,-0.049313,0.488624,0.9414,-0.050458,0.476448,0.940199,-0.049562,0.559399,0.88142,-0.031217,0.523963,0.932287,-0.037197,0.510279,0.920913,-0.034205,0.511397,0.903446,-0.032387,0.576836,0.890857,-0.021733,0.542786,0.931487,-0.024146,0.532253,0.918009,-0.017595,0.534491,0.900762,-0.014449,0.587642,0.895358,-0.013592,0.558327,0.921971,-0.016987,0.549035,0.911265,-0.014114,0.551039,0.897491,-0.011796
467,15566,True,0.9978,0.9978,0.58054,0.795181,0.0,0.535567,0.78604,-0.019162,0.498466,0.815391,-0.028203,0.475404,0.86125,-0.032104,0.467779,0.902589,-0.034624,0.534663,0.861287,-0.039064,0.509539,0.927691,-0.048028,0.490407,0.939947,-0.049146,0.478589,0.938703,-0.04827,0.559961,0.88089,-0.030143,0.525791,0.931754,-0.03553,0.511457,0.923018,-0.032715,0.510403,0.907434,-0.031251,0.577441,0.890446,-0.020775,0.543825,0.930837,-0.022822,0.532955,0.919252,-0.016811,0.533664,0.903269,-0.014186,0.58829,0.895218,-0.012777,0.559294,0.921865,-0.015784,0.549534,0.912362,-0.013163,0.550371,0.899228,-0.011129
468,15600,True,0.9976,0.9976,0.579563,0.795535,0.0,0.535704,0.787636,-0.019245,0.499135,0.816507,-0.027973,0.476546,0.861294,-0.03167,0.469363,0.901693,-0.034161,0.534327,0.863748,-0.037141,0.510839,0.925481,-0.04584,0.49307,0.937982,-0.047318,0.481412,0.937469,-0.046834,0.559115,0.882452,-0.028111,0.527965,0.929128,-0.032995,0.514288,0.92174,-0.030601,0.511758,0.907389,-0.029611,0.576455,0.891551,-0.018844,0.54559,0.929333,-0.021042,0.535324,0.91953,-0.016138,0.534506,0.90481,-0.014222,0.587409,0.896185,-0.010916,0.56046,0.921925,-0.014021,0.550842,0.913557,-0.012033,0.550208,0.900699,-0.010455
469,15633,True,0.9976,0.9976,0.579898,0.795435,0.0,0.53653,0.78666,-0.019893,0.500347,0.815336,-0.028718,0.479054,0.859994,-0.032131,0.470074,0.899765,-0.034155,0.535656,0.862234,-0.038603,0.510829,0.924759,-0.046428,0.493342,0.937648,-0.046755,0.482376,0.93779,-0.045615,0.560339,0.881154,-0.029014,0.526218,0.92399,-0.033797,0.513984,0.912056,-0.030441,0.514452,0.895348,-0.028697,0.577141,0.889692,-0.019084,0.542762,0.924106,-0.021364,0.534409,0.91041,-0.015247,0.536463,0.894373,-0.012514,0.58778,0.893537,-0.010531,0.557995,0.915897,-0.01399,0.54984,0.90435,-0.011568,0.551381,0.890708,-0.009629
470,15666,True,0.9977,0.9977,0.580366,0.796049,0.0,0.537466,0.785943,-0.019843,0.500715,0.814387,-0.028765,0.479448,0.858854,-0.032256,0.471769,0.898159,-0.034353,0.535001,0.860337,-0.03975,0.510693,0.925528,-0.048619,0.49203,0.937441,-0.049729,0.480486,0.936245,-0.048951,0.56012,0.879936,-0.030349,0.525883,0.924536,-0.036191,0.514143,0.910834,-0.032993,0.516059,0.893007,-0.031107,0.577315,0.889348,-0.02059,0.543225,0.924781,-0.023215,0.535416,0.909528,-0.016484,0.538721,0.892654,-0.013236,0.588351,0.894102,-0.012273,0.558168,0.916304,-0.015848,0.550539,0.903344,-0.012985,0.553224,0.889242,-0.010676
471,15700,True,0.9981,0.9981,0.580411,0.795408,0.0,0.53739,0.786167,-0.019243,0.500566,0.814979,-0.027817,0.479002,0.859781,-0.031215,0.469694,0.89971,-0.033229,0.535348,0.8599,-0.03784,0.511296,0.924721,-0.046326,0.493326,0.93566,-0.047203,0.482671,0.93327,-0.046288,0.560194,0.879234,-0.028761,0.527041,0.924978,-0.034044,0.515523,0.912762,-0.031012,0.517568,0.895849,-0.029349,0.577337,0.888585,-0.019402,0.544489,0.92495,-0.021681,0.536856,0.910806,-0.015283,0.540065,0.89459,-0.012276,0.588394,0.893312,-0.011417,0.559688,0.917292,-0.014634,0.552279,0.905188,-0.011748,0.555004,0.891309,-0.009466
472,15733,True,0.9975,0.9975,0.579806,0.795645,0.0,0.536787,0.786862,-0.019013,0.50074,0.814619,-0.027527,0.479655,0.85863,-0.031017,0.470972,0.897578,-0.033077,0.534703,0.859646,-0.037551,0.510383,0.924575,-0.046186,0.492483,0.935365,-0.047084,0.481892,0.933224,-0.046157,0.559601,0.879011,-0.028781,0.525804,0.925742,-0.034577,0.514153,0.912833,-0.03169,0.516275,0.895064,-0.029883,0.577148,0.888502,-0.019707,0.543277,0.925431,-0.02224,0.535854,0.910702,-0.015565,0.539463,0.893942,-0.012176,0.588735,0.893325,-0.012047,0.558933,0.917089,-0.015389,0.551676,0.904936,-0.012397,0.554537,0.891152,-0.00993
473,15766,True,0.9981,0.9981,0.58051,0.795364,0.0,0.53777,0.786144,-0.019061,0.501586,0.813668,-0.027857,0.48009,0.857357,-0.03157,0.470254,0.89622,-0.033712,0.535788,0.85991,-0.037625,0.511327,0.924647,-0.046042,0.494115,0.933977,-0.046603,0.484638,0.930594,-0.045435,0.560879,0.879305,-0.028719,0.526906,0.925182,-0.034233,0.51591,0.911399,-0.031054,0.518899,0.893737,-0.029141,0.578065,0.888767,-0.019516,0.544218,0.925408,-0.021834,0.537144,0.910142,-0.015035,0.541403,0.893321,-0.011685,0.589106,0.893643,-0.011709,0.559747,0.91732,-0.014898,0.552915,0.904542,-0.011845,0.55633,0.890605,-0.009414
474,15799,True,0.9978,0.9978,0.57976,0.795328,0.0,0.537065,0.78652,-0.01837,0.501625,0.813793,-0.026739,0.480596,0.857712,-0.030367,0.471359,0.896592,-0.032464,0.535362,0.861106,-0.034914,0.511057,0.924662,-0.043173,0.494737,0.932421,-0.044243,0.485973,0.927431,-0.043432,0.560066,0.87988,-0.026353,0.527102,0.924815,-0.031435,0.516107,0.912202,-0.028903,0.518384,0.895268,-0.027533,0.577277,0.888806,-0.017608,0.544627,0.925096,-0.019683,0.537174,0.911072,-0.013643,0.540654,0.894881,-0.010858,0.588516,0.893506,-0.010215,0.559672,0.917129,-0.013201,0.552451,0.905234,-0.010375,0.555306,0.891476,-0.008106
475,15833,True,0.9977,0.9977,0.580176,0.796247,0.0,0.53686,0.78647,-0.019053,0.500678,0.813653,-0.027911,0.479738,0.858064,-0.03185,0.471539,0.897917,-0.034142,0.535895,0.859718,-0.037191,0.510867,0.925876,-0.046502,0.492866,0.93381,-0.047964,0.483313,0.928412,-0.047271,0.561047,0.879038,-0.02857,0.526272,0.924381,-0.035022,0.515742,0.909949,-0.032523,0.519845,0.892607,-0.030976,0.578074,0.888537,-0.019748,0.543743,0.924984,-0.022642,0.536844,0.909516,-0.015717,0.541694,0.893181,-0.012231,0.589069,0.893679,-0.012383,0.558649,0.917541,-0.015991,0.551974,0.904134,-0.012653,0.556054,0.890009,-0.009942
476,15866,True,0.9981,0.9981,0.579948,0.796386,0.0,0.536788,0.787357,-0.019541,0.500649,0.815105,-0.028487,0.47928,0.859876,-0.032345,0.469995,0.90007,-0.034756,0.535571,0.861738,-0.03741,0.510409,0.925906,-0.046294,0.492729,0.935118,-0.047508,0.482658,0.931331,-0.046706,0.560338,0.880764,-0.028378,0.526767,0.928883,-0.034006,0.51421,0.918448,-0.031584,0.515076,0.902252,-0.030189,0.57757,0.890076,-0.019137,0.544721,0.928688,-0.021782,0.53604,0.915806,-0.016197,0.538484,0.899812,-0.013567,0.588777,0.894855,-0.011263,0.560173,0.920522,-0.014816,0.552158,0.909389,-0.012338,0.554444,0.895596,-0.010214
477,15900,True,0.9984,0.9984,0.580323,0.796103,0.0,0.537229,0.787049,-0.01979,0.501259,0.814696,-0.028671,0.4802,0.859539,-0.032305,0.471336,0.899754,-0.034451,0.536234,0.862032,-0.037718,0.511038,0.926157,-0.046395,0.493423,0.9355,-0.047388,0.483205,0.931251,-0.046372,0.560856,0.880997,-0.028255,0.527952,0.928862,-0.032988,0.514401,0.920596,-0.030322,0.513332,0.905605,-0.029061,0.577899,0.889993,-0.018608,0.545769,0.928373,-0.020747,0.535957,0.917278,-0.015824,0.536666,0.902146,-0.013882,0.588744,0.894446,-0.010287,0.560948,0.920611,-0.013503,0.55209,0.91057,-0.011383,0.553173,0.897017,-0.009642
478,15933,True,0.9985,0.9985,0.580047,0.795878,0.0,0.536679,0.787062,-0.020462,0.500548,0.815225,-0.030113,0.47898,0.859926,-0.034232,0.469826,0.900642,-0.036884,0.536297,0.860578,-0.040884,0.511089,0.926496,-0.050404,0.492007,0.937716,-0.051504,0.480349,0.935271,-0.05039,0.56101,0.879801,-0.031205,0.526567,0.92962,-0.036761,0.511664,0.921762,-0.033607,0.509868,0.906574,-0.031823,0.577857,0.889357,-0.021256,0.544162,0.929039,-0.023966,0.533283,0.917578,-0.018533,0.533408,0.901913,-0.016109,0.588195,0.894304,-0.012679,0.558949,0.920451,-0.016461,0.549281,0.910205,-0.014364,0.549888,0.896747,-0.012532
479,15966,True,0.9987,0.9987,0.580358,0.794845,0.0,0.537761,0.786441,-0.020115,0.501916,0.813558,-0.029428,0.48039,0.856878,-0.033425,0.470021,0.896036,-0.036079,0.53519,0.861153,-0.038172,0.510273,0.924922,-0.047137,0.492108,0.937047,-0.048429,0.479992,0.93556,-0.047535,0.559435,0.880245,-0.028584,0.527218,0.929678,-0.032981,0.511307,0.926322,-0.030312,0.505908,0.913857,-0.029085,0.576738,0.889397,-0.018853,0.545015,0.928133,-0.020649,0.533101,0.919957,-0.016274,0.530147,0.906161,-0.014756,0.587904,0.893399,-0.01052,0.560444,0.919025,-0.013656,0.549315,0.911599,-0.012041,0.547006,0.899904,-0.010601
480,16000,True,0.9982,0.9982,0.580192,0.795181,0.0,0.53661,0.786323,-0.020355,0.500298,0.814789,-0.029373,0.479209,0.860153,-0.032733,0.470042,0.900696,-0.034695,0.535462,0.861152,-0.04006,0.510356,0.925466,-0.048605,0.491397,0.937868,-0.04911,0.479342,0.93672,-0.047686,0.560299,0.880861,-0.029863,0.527508,0.929111,-0.034114,0.512948,0.921391,-0.030411,0.510749,0.906012,-0.028431,0.577439,0.890063,-0.019366,0.545313,0.928568,-0.021545,0.534541,0.916902,-0.016216,0.534241,0.900993,-0.013864,0.588005,0.894232,-0.010133,0.560288,0.920186,-0.013529,0.550485,0.910158,-0.011431,0.550715,0.896428,-0.009619
481,16033,True,0.9982,0.9982,0.579994,0.795648,0.0,0.53671,0.786359,-0.019701,0.500529,0.814529,-0.028563,0.478972,0.859637,-0.031965,0.47091,0.900114,-0.034097,0.534681,0.860037,-0.039579,0.510175,0.924583,-0.047975,0.491631,0.937466,-0.048525,0.479889,0.936866,-0.047216,0.55936,0.879454,-0.029791,0.527458,0.928301,-0.033651,0.513256,0.921449,-0.02986,0.510849,0.90666,-0.028014,0.576732,0.888674,-0.019676,0.545134,0.92686,-0.02129,0.534631,0.916244,-0.01598,0.534033,0.90091,-0.01391,0.587804,0.892912,-0.010818,0.560403,0.918296,-0.013766,0.550641,0.909049,-0.011741,0.550364,0.895917,-0.010177
482,16066,True,0.9976,0.9976,0.580069,0.795341,0.0,0.537201,0.785888,-0.01896,0.501089,0.81305,-0.027425,0.480391,0.857488,-0.030722,0.471288,0.896978,-0.032672,0.53438,0.860312,-0.0371,0.510824,0.924101,-0.04517,0.493104,0.937105,-0.045954,0.481998,0.936289,-0.044953,0.559051,0.880159,-0.027814,0.527312,0.926223,-0.032083,0.514829,0.915924,-0.028808,0.514936,0.898579,-0.027084,0.57651,0.889072,-0.018248,0.545088,0.926027,-0.020187,0.536033,0.913606,-0.014659,0.537461,0.897194,-0.012222,0.587802,0.892806,-0.009895,0.560676,0.917537,-0.012756,0.552126,0.907254,-0.010278,0.553485,0.893593,-0.008324
483,16100,True,0.9982,0.9982,0.580098,0.79651,0.0,0.536738,0.78595,-0.020409,0.500293,0.813555,-0.029568,0.478895,0.857749,-0.033138,0.469709,0.897877,-0.035387,0.534822,0.858752,-0.040472,0.510384,0.924207,-0.04923,0.490971,0.939065,-0.050232,0.47838,0.940254,-0.049294,0.559724,0.87926,-0.030472,0.526602,0.927158,-0.035657,0.51303,0.916986,-0.032178,0.512758,0.899218,-0.030081,0.57702,0.888908,-0.020133,0.543675,0.926689,-0.022568,0.534336,0.913292,-0.016515,0.535942,0.896069,-0.013562,0.587795,0.893324,-0.011159,0.558966,0.91775,-0.014789,0.549918,0.906728,-0.012556,0.551274,0.892552,-0.010595
484,16133,True,0.9979,0.9979,0.579594,0.795237,0.0,0.537145,0.785481,-0.018845,0.500938,0.812489,-0.027529,0.480303,0.856538,-0.030997,0.47162,0.89601,-0.033188,0.534339,0.857357,-0.03818,0.511119,0.923421,-0.046059,0.493151,0.936913,-0.046517,0.4819,0.936585,-0.045371,0.559091,0.877432,-0.028952,0.527514,0.924745,-0.03331,0.515539,0.913437,-0.029641,0.516465,0.895396,-0.027642,0.576917,0.886944,-0.019315,0.54534,0.924014,-0.020719,0.537449,0.91038,-0.014233,0.540136,0.893246,-0.01132,0.588667,0.891336,-0.010978,0.561385,0.91547,-0.01359,0.553459,0.904409,-0.010825,0.555644,0.890454,-0.008719
485,16166,True,0.9981,0.9981,0.579873,0.795548,0.0,0.536921,0.785831,-0.018375,0.500679,0.813125,-0.026734,0.479964,0.857325,-0.029916,0.47129,0.896331,-0.032011,0.534249,0.858516,-0.038309,0.511416,0.92308,-0.046017,0.493675,0.937012,-0.046509,0.482143,0.937411,-0.045533,0.559295,0.878429,-0.029252,0.528585,0.923873,-0.03312,0.516125,0.91371,-0.029331,0.515662,0.896437,-0.027574,0.577501,0.887376,-0.01971,0.546704,0.922935,-0.020847,0.538296,0.910537,-0.014554,0.539756,0.893923,-0.012057,0.589634,0.8912,-0.011419,0.562967,0.913792,-0.013927,0.554718,0.903423,-0.011296,0.556052,0.889889,-0.009418
486,16200,True,0.9979,0.9979,0.579312,0.796257,0.0,0.536827,0.786751,-0.019114,0.501009,0.812909,-0.028042,0.479575,0.856092,-0.031779,0.470738,0.895711,-0.034393,0.535678,0.861497,-0.0384,0.510662,0.925172,-0.046546,0.491866,0.937247,-0.047426,0.479874,0.936279,-0.046593,0.560475,0.880732,-0.029004,0.527893,0.924838,-0.032945,0.515235,0.913714,-0.029227,0.515086,0.896684,-0.027514,0.578409,0.888635,-0.019253,0.546222,0.92315,-0.020731,0.537957,0.909828,-0.014394,0.539937,0.893097,-0.011745,0.590268,0.891507,-0.010796,0.562736,0.914292,-0.013653,0.554467,0.903113,-0.010887,0.55634,0.888989,-0.008772
487,16233,True,0.9974,0.9974,0.580507,0.797124,0.0,0.536587,0.786032,-0.021438,0.499445,0.814547,-0.031579,0.478427,0.860625,-0.03552,0.470172,0.901486,-0.038143,0.535465,0.858752,-0.045607,0.509931,0.927699,-0.055316,0.489278,0.941245,-0.055956,0.476517,0.939796,-0.054452,0.561006,0.87975,-0.035109,0.525179,0.928743,-0.040457,0.511009,0.917874,-0.035591,0.510982,0.900053,-0.032765,0.578693,0.889519,-0.024179,0.544073,0.927978,-0.026633,0.534419,0.913382,-0.01952,0.536502,0.895233,-0.016212,0.589933,0.893809,-0.014655,0.560259,0.917979,-0.018577,0.551285,0.905873,-0.015979,0.553132,0.891613,-0.013903
488,16266,True,0.9981,0.9981,0.580557,0.79764,0.0,0.537179,0.78723,-0.021722,0.500444,0.815138,-0.031395,0.478977,0.860642,-0.035093,0.46978,0.901356,-0.03737,0.536742,0.862839,-0.042575,0.510168,0.928618,-0.052118,0.489845,0.940866,-0.05322,0.476581,0.940297,-0.052218,0.561573,0.883853,-0.032001,0.526691,0.933328,-0.037457,0.511434,0.924081,-0.034111,0.509398,0.907633,-0.032311,0.578612,0.893774,-0.021147,0.545039,0.934066,-0.024077,0.533751,0.921698,-0.018531,0.533731,0.905105,-0.016007,0.588916,0.898639,-0.011712,0.560354,0.926974,-0.015852,0.549971,0.916616,-0.013775,0.550364,0.902244,-0.011927
489,16300,True,0.9978,0.9978,0.580043,0.797563,0.0,0.537128,0.787027,-0.021639,0.500844,0.814758,-0.031456,0.480126,0.860259,-0.035375,0.471566,0.900481,-0.037834,0.535912,0.862373,-0.042163,0.509445,0.928769,-0.051349,0.489535,0.941429,-0.05211,0.476763,0.940841,-0.050894,0.560527,0.883201,-0.031762,0.525963,0.932626,-0.036756,0.510945,0.924559,-0.033072,0.508813,0.909191,-0.031094,0.577709,0.893047,-0.021136,0.54416,0.933033,-0.023825,0.533161,0.920744,-0.018258,0.53295,0.904647,-0.015829,0.588575,0.897761,-0.011937,0.559816,0.92516,-0.016056,0.54954,0.914791,-0.014041,0.549667,0.900808,-0.01228
490,16333,True,0.9978,0.9978,0.580251,0.797842,0.0,0.536701,0.786808,-0.021437,0.500381,0.814806,-0.03138,0.478786,0.859933,-0.035295,0.469434,0.900189,-0.037695,0.535244,0.861329,-0.043452,0.508836,0.929992,-0.052932,0.488183,0.943183,-0.053421,0.475467,0.941887,-0.051758,0.559811,0.882817,-0.032933,0.523379,0.932361,-0.037954,0.507817,0.923003,-0.03355,0.506185,0.906638,-0.030973,0.576866,0.892868,-0.022145,0.541549,0.932479,-0.024711,0.529598,0.919711,-0.018702,0.529315,0.903307,-0.016003,0.587506,0.897459,-0.012716,0.557316,0.923711,-0.016704,0.546121,0.913146,-0.014569,0.545946,0.899361,-0.012749
491,16366,True,0.9976,0.9976,0.580778,0.796152,0.0,0.537249,0.786337,-0.020818,0.500269,0.814909,-0.03054,0.47751,0.859164,-0.034521,0.467534,0.899914,-0.036973,0.535484,0.860387,-0.042237,0.509138,0.928892,-0.051622,0.487586,0.943333,-0.05248,0.473765,0.944549,-0.05141,0.560058,0.881529,-0.032449,0.523027,0.931553,-0.038634,0.509125,0.919545,-0.034961,0.510483,0.90178,-0.032598,0.576813,0.891593,-0.022283,0.540581,0.931392,-0.025432,0.530887,0.916075,-0.018423,0.533884,0.898542,-0.014694,0.586863,0.896302,-0.013548,0.556191,0.923878,-0.017673,0.546856,0.911492,-0.014656,0.549165,0.896705,-0.012058
492,16400,True,0.9974,0.9974,0.580153,0.793382,0.0,0.536446,0.786314,-0.019688,0.500152,0.814216,-0.029291,0.478138,0.858924,-0.03368,0.469055,0.900025,-0.0366,0.534633,0.861144,-0.038219,0.5102,0.925391,-0.046786,0.492755,0.937316,-0.047613,0.482533,0.935655,-0.046646,0.559902,0.880777,-0.029226,0.525661,0.927831,-0.035048,0.5141,0.914118,-0.032352,0.51631,0.895027,-0.030639,0.577725,0.889641,-0.019899,0.544177,0.927901,-0.022251,0.536029,0.913102,-0.015746,0.539405,0.895535,-0.012579,0.589361,0.893367,-0.011966,0.560563,0.919735,-0.015129,0.552851,0.907617,-0.012049,0.555438,0.893052,-0.009573
493,16433,True,0.9967,0.9967,0.57971,0.793631,0.0,0.537064,0.786823,-0.018504,0.501383,0.814248,-0.026903,0.480264,0.85903,-0.030211,0.471216,0.899193,-0.032222,0.534754,0.863944,-0.035791,0.509504,0.92674,-0.042453,0.492362,0.938146,-0.042023,0.481716,0.937307,-0.040398,0.559592,0.882306,-0.026607,0.526211,0.927847,-0.029466,0.513098,0.917307,-0.025551,0.512175,0.9008,-0.023687,0.577328,0.889394,-0.017062,0.544996,0.925898,-0.017957,0.535271,0.91316,-0.012163,0.535948,0.896721,-0.009935,0.589048,0.891488,-0.008717,0.561706,0.915542,-0.011148,0.552686,0.904878,-0.008565,0.553211,0.891141,-0.006673
494,16466,True,0.998,0.998,0.580274,0.794526,0.0,0.536379,0.787193,-0.019416,0.500776,0.814651,-0.02867,0.479224,0.859084,-0.032536,0.46983,0.899502,-0.035111,0.534104,0.863454,-0.038862,0.50842,0.929256,-0.047617,0.488692,0.941882,-0.048682,0.475991,0.941856,-0.047748,0.559354,0.882841,-0.02937,0.52439,0.93081,-0.033979,0.509728,0.920622,-0.030596,0.508098,0.903868,-0.028768,0.577165,0.890924,-0.019526,0.543811,0.928546,-0.021273,0.532753,0.916052,-0.015516,0.532585,0.899547,-0.0131,0.588641,0.893589,-0.010979,0.560236,0.918231,-0.013988,0.550207,0.907934,-0.011548,0.550095,0.894409,-0.009579
495,16500,True,0.9974,0.9974,0.579387,0.793637,0.0,0.536715,0.787493,-0.020195,0.501265,0.81354,-0.030577,0.479478,0.85751,-0.035656,0.468562,0.897809,-0.039479,0.533261,0.86193,-0.039767,0.507969,0.926765,-0.049021,0.489482,0.940284,-0.050353,0.477224,0.940906,-0.049736,0.558514,0.881505,-0.030592,0.524956,0.930329,-0.036016,0.511897,0.920031,-0.032982,0.511062,0.902596,-0.031361,0.576786,0.890482,-0.021134,0.543891,0.929378,-0.023605,0.534525,0.916614,-0.017598,0.535643,0.899758,-0.014875,0.588664,0.89434,-0.013064,0.560675,0.921916,-0.01656,0.551634,0.911504,-0.01388,0.55237,0.897695,-0.01166
496,16533,True,0.9976,0.9976,0.580138,0.793818,0.0,0.536548,0.787012,-0.019678,0.50083,0.813821,-0.0292,0.479176,0.857918,-0.033448,0.468426,0.897833,-0.036494,0.533627,0.862449,-0.038454,0.508092,0.92686,-0.047227,0.489161,0.940501,-0.048467,0.476488,0.941737,-0.04776,0.558815,0.881992,-0.029225,0.524861,0.931849,-0.034153,0.510037,0.923666,-0.031339,0.507555,0.907331,-0.029808,0.576971,0.890554,-0.01968,0.544447,0.930279,-0.021762,0.53318,0.918849,-0.01643,0.532472,0.902373,-0.014116,0.588896,0.893779,-0.011457,0.561386,0.920792,-0.014608,0.551381,0.911228,-0.012277,0.550987,0.897701,-0.010311
497,16566,True,0.9974,0.9974,0.580213,0.794308,0.0,0.536526,0.786762,-0.019871,0.500087,0.813844,-0.029766,0.477785,0.8586,-0.034046,0.469044,0.899476,-0.037145,0.533475,0.860936,-0.042215,0.507694,0.927105,-0.051649,0.488301,0.941635,-0.052894,0.475544,0.943854,-0.052049,0.55887,0.881232,-0.032779,0.523651,0.932447,-0.038296,0.50901,0.922894,-0.034954,0.507743,0.905229,-0.033026,0.576866,0.890538,-0.022758,0.54311,0.931579,-0.025131,0.531794,0.919155,-0.019189,0.532113,0.901654,-0.016472,0.588482,0.894348,-0.014001,0.559663,0.921465,-0.017226,0.549829,0.911309,-0.014638,0.550359,0.897514,-0.012593
498,16600,True,0.9968,0.9968,0.57981,0.793627,0.0,0.536127,0.78658,-0.018884,0.500336,0.813946,-0.028238,0.477812,0.858656,-0.032385,0.468991,0.899787,-0.035398,0.532675,0.862039,-0.038948,0.508176,0.927113,-0.047487,0.489653,0.940753,-0.048527,0.47756,0.941928,-0.047679,0.557879,0.88163,-0.029912,0.524116,0.931378,-0.034497,0.511114,0.920348,-0.030987,0.511436,0.902017,-0.02897,0.576114,0.889924,-0.020374,0.543571,0.929349,-0.022004,0.534148,0.915854,-0.015643,0.536176,0.898097,-0.012684,0.588118,0.89287,-0.012079,0.560455,0.918752,-0.014629,0.551954,0.907823,-0.011591,0.55363,0.893755,-0.009261
499,16633,True,0.9971,0.9971,0.580204,0.793435,0.0,0.53654,0.786737,-0.018282,0.500558,0.81428,-0.027202,0.477783,0.858842,-0.031123,0.470254,0.900242,-0.033866,0.532789,0.861277,-0.037468,0.508705,0.926481,-0.045471,0.490677,0.939546,-0.04629,0.479364,0.940022,-0.045405,0.557762,0.880598,-0.028822,0.524817,0.930645,-0.033366,0.512318,0.919428,-0.030216,0.513223,0.900864,-0.028458,0.575981,0.889191,-0.019677,0.543899,0.929907,-0.021183,0.534602,0.916685,-0.015178,0.536757,0.899093,-0.012517,0.588035,0.892887,-0.011745,0.560816,0.919901,-0.014186,0.552403,0.909339,-0.011332,0.554196,0.895175,-0.009224
500,16666,True,0.9971,0.9971,0.580683,0.79352,0.0,0.536416,0.786345,-0.018647,0.500545,0.814398,-0.027353,0.478045,0.859896,-0.030897,0.468995,0.901271,-0.033211,0.533035,0.861058,-0.037473,0.508558,0.926465,-0.045016,0.490348,0.939616,-0.045256,0.478391,0.940205,-0.043922,0.55766,0.880578,-0.028273,0.524036,0.930464,-0.031845,0.5099,0.921831,-0.028154,0.508183,0.905257,-0.026142,0.575366,0.889273,-0.018614,0.542582,0.928257,-0.019383,0.532053,0.916726,-0.013511,0.532031,0.900457,-0.0111,0.586809,0.892932,-0.010237,0.558925,0.917292,-0.012318,0.54954,0.907715,-0.009751,0.549731,0.894759,-0.007841
501,16700,True,0.9964,0.9964,0.579241,0.793456,0.0,0.53546,0.786414,-0.019686,0.499849,0.815416,-0.02877,0.477195,0.861812,-0.032396,0.468645,0.903436,-0.034768,0.534454,0.863407,-0.039137,0.508828,0.926904,-0.047069,0.490295,0.938197,-0.04744,0.478388,0.936957,-0.046099,0.559177,0.882086,-0.029312,0.525081,0.930326,-0.032746,0.510545,0.922317,-0.028977,0.507936,0.907255,-0.027161,0.576417,0.889938,-0.019071,0.543432,0.928098,-0.02004,0.532491,0.917194,-0.01437,0.531723,0.901765,-0.012189,0.58707,0.892851,-0.010132,0.55906,0.917891,-0.012407,0.54941,0.908537,-0.009873,0.549233,0.895567,-0.008011
502,16733,True,0.9967,0.9967,0.580128,0.795159,0.0,0.535845,0.787097,-0.019617,0.499606,0.814943,-0.029067,0.477121,0.860213,-0.033005,0.469414,0.901412,-0.035636,0.533656,0.862321,-0.040727,0.508274,0.927778,-0.049727,0.48885,0.940668,-0.050675,0.476295,0.940378,-0.049564,0.558767,0.882274,-0.031329,0.523863,0.932466,-0.035638,0.508348,0.924063,-0.031818,0.505855,0.907594,-0.029858,0.57667,0.89076,-0.021487,0.543138,0.930541,-0.022936,0.531242,0.919069,-0.016874,0.530666,0.90205,-0.014368,0.588286,0.893414,-0.012958,0.560085,0.919792,-0.01557,0.549881,0.910348,-0.012873,0.549752,0.896504,-0.010883
503,16766,True,0.9963,0.9963,0.580574,0.794668,0.0,0.536516,0.786288,-0.019675,0.499363,0.814797,-0.029227,0.476714,0.860617,-0.033116,0.469883,0.902141,-0.035717,0.534252,0.860941,-0.041603,0.509025,0.926765,-0.050551,0.488876,0.941257,-0.051463,0.475651,0.943065,-0.050498,0.559183,0.88193,-0.032184,0.522832,0.930902,-0.037452,0.508983,0.918369,-0.033696,0.50977,0.899423,-0.031465,0.576887,0.891421,-0.022181,0.541765,0.93044,-0.024258,0.531514,0.915897,-0.017515,0.533689,0.897846,-0.014296,0.588415,0.895133,-0.013453,0.558783,0.921029,-0.016167,0.549481,0.909753,-0.012972,0.551217,0.895581,-0.010611
504,16800,True,0.9965,0.9965,0.580272,0.794898,0.0,0.536072,0.786915,-0.018497,0.499929,0.815129,-0.026799,0.477326,0.859759,-0.029962,0.468924,0.900472,-0.03195,0.533297,0.865327,-0.037,0.508179,0.928386,-0.045257,0.488133,0.941656,-0.046574,0.474206,0.942471,-0.046027,0.557995,0.884706,-0.027947,0.523541,0.929675,-0.031972,0.508639,0.920649,-0.028745,0.505834,0.905005,-0.027258,0.575366,0.892309,-0.018546,0.542392,0.927565,-0.019876,0.530287,0.917058,-0.014286,0.528527,0.901691,-0.012139,0.586387,0.894574,-0.010448,0.558558,0.917611,-0.013065,0.547745,0.908896,-0.010639,0.546344,0.896255,-0.008794
505,16833,True,0.9969,0.9969,0.58024,0.793673,0.0,0.536465,0.786571,-0.019779,0.500696,0.814877,-0.029298,0.477874,0.859819,-0.03331,0.469324,0.900276,-0.035998,0.534728,0.864173,-0.04047,0.509222,0.927743,-0.049116,0.489592,0.940363,-0.049544,0.476439,0.939926,-0.048053,0.558976,0.883646,-0.030576,0.524306,0.929868,-0.034112,0.509046,0.921784,-0.029722,0.505397,0.907512,-0.027527,0.575821,0.892085,-0.020294,0.542388,0.928086,-0.02126,0.530691,0.917362,-0.015289,0.529077,0.902268,-0.012982,0.58621,0.895217,-0.011349,0.557968,0.919287,-0.013491,0.547556,0.91003,-0.010842,0.546703,0.897006,-0.008902
506,16866,True,0.9975,0.9975,0.580913,0.794821,0.0,0.536992,0.786805,-0.019101,0.500946,0.814585,-0.028869,0.478034,0.859153,-0.033398,0.469912,0.900445,-0.036684,0.534253,0.86286,-0.040006,0.509004,0.928508,-0.049514,0.488157,0.941944,-0.050873,0.47447,0.941811,-0.049817,0.559157,0.882773,-0.030906,0.523655,0.932058,-0.03575,0.508349,0.923663,-0.031926,0.506437,0.908393,-0.02969,0.576621,0.891785,-0.021422,0.542859,0.931384,-0.02326,0.530512,0.920457,-0.017299,0.529808,0.904561,-0.01467,0.587578,0.895764,-0.013214,0.559022,0.921958,-0.015974,0.548113,0.912819,-0.01323,0.547885,0.899635,-0.011061
507,16900,True,0.9971,0.9971,0.581488,0.793796,0.0,0.537538,0.785311,-0.019595,0.500835,0.814522,-0.028724,0.47786,0.860551,-0.03241,0.470532,0.902537,-0.034631,0.535082,0.862982,-0.039663,0.509973,0.927768,-0.048036,0.490024,0.939365,-0.048432,0.477737,0.937782,-0.047036,0.559902,0.882822,-0.030047,0.524441,0.927797,-0.034941,0.511702,0.915027,-0.03145,0.5132,0.897738,-0.029427,0.576724,0.891538,-0.019953,0.542401,0.926785,-0.021894,0.533102,0.912522,-0.015738,0.535645,0.8957,-0.012914,0.587189,0.895173,-0.011137,0.557612,0.918836,-0.013781,0.549057,0.90685,-0.010806,0.551336,0.892388,-0.008492
508,16933,True,0.9973,0.9973,0.581643,0.794599,0.0,0.537483,0.786265,-0.018742,0.500768,0.814936,-0.027436,0.478262,0.860457,-0.030929,0.470674,0.901925,-0.033119,0.53487,0.864181,-0.03815,0.509411,0.928148,-0.0465,0.489589,0.941206,-0.047367,0.476808,0.941301,-0.046289,0.559556,0.883535,-0.028972,0.524828,0.9311,-0.033154,0.509717,0.922543,-0.029746,0.507585,0.906722,-0.027994,0.576528,0.891518,-0.019371,0.54287,0.929484,-0.02084,0.530708,0.918866,-0.01545,0.529623,0.903152,-0.013337,0.587052,0.894471,-0.010999,0.558357,0.919584,-0.013428,0.547638,0.910554,-0.010969,0.547156,0.897377,-0.009152
509,16966,True,0.9976,0.9976,0.581774,0.794622,0.0,0.537213,0.785733,-0.020091,0.500126,0.814976,-0.029253,0.477111,0.860365,-0.032573,0.469655,0.9017,-0.034406,0.535678,0.864361,-0.041932,0.50988,0.928805,-0.050273,0.489429,0.940993,-0.050398,0.476472,0.939807,-0.048749,0.560768,0.884482,-0.03167,0.524567,0.929464,-0.035868,0.5103,0.918001,-0.03171,0.509672,0.901057,-0.029504,0.577387,0.892796,-0.020821,0.542208,0.927932,-0.022053,0.53136,0.914872,-0.015897,0.532057,0.898268,-0.013407,0.58738,0.895543,-0.011268,0.557404,0.918575,-0.013564,0.547674,0.9073,-0.01086,0.548621,0.893024,-0.00891
510,17000,True,0.9975,0.9975,0.580927,0.794192,0.0,0.536581,0.785852,-0.020425,0.500281,0.81347,-0.030616,0.478025,0.857632,-0.035225,0.46837,0.899416,-0.038575,0.53413,0.862535,-0.041364,0.508514,0.92783,-0.050942,0.486703,0.942968,-0.052453,0.471843,0.945076,-0.05171,0.559148,0.882775,-0.03166,0.523131,0.931521,-0.037391,0.508116,0.920715,-0.034038,0.507478,0.902407,-0.031884,0.576413,0.891125,-0.021569,0.541961,0.930061,-0.024283,0.530325,0.917058,-0.018301,0.531042,0.899714,-0.015354,0.587144,0.894228,-0.012785,0.558223,0.920604,-0.016028,0.547832,0.909358,-0.013106,0.548911,0.89458,-0.010689
511,17033,True,0.9978,0.9978,0.581488,0.794169,0.0,0.537801,0.78592,-0.019809,0.500508,0.813363,-0.029567,0.477789,0.857664,-0.034018,0.470399,0.898714,-0.037375,0.5348,0.861529,-0.040301,0.510137,0.9256,-0.050302,0.49006,0.941217,-0.052837,0.476673,0.943826,-0.052965,0.560154,0.881317,-0.031199,0.526874,0.93081,-0.037552,0.513298,0.921395,-0.035276,0.512829,0.904518,-0.033992,0.577946,0.890734,-0.021707,0.545799,0.930748,-0.024417,0.535776,0.919349,-0.018708,0.537173,0.902795,-0.016036,0.589212,0.895361,-0.013585,0.561783,0.92353,-0.016774,0.552465,0.913902,-0.014109,0.553738,0.899956,-0.011958
512,17066,True,0.9979,0.9979,0.581006,0.793955,0.0,0.537314,0.78564,-0.018805,0.50071,0.81344,-0.027732,0.478262,0.857876,-0.031633,0.468627,0.898596,-0.0343,0.534187,0.861303,-0.03702,0.509812,0.926559,-0.045896,0.490353,0.939537,-0.047514,0.478199,0.939154,-0.047053,0.559765,0.880874,-0.028293,0.525978,0.92735,-0.033885,0.51325,0.915709,-0.031221,0.514414,0.898802,-0.029625,0.577868,0.889573,-0.01927,0.545654,0.926745,-0.021601,0.5364,0.913383,-0.015482,0.538619,0.896891,-0.012564,0.589447,0.893487,-0.011579,0.561871,0.918143,-0.014877,0.553357,0.906883,-0.01203,0.555293,0.893133,-0.009602
513,17100,True,0.9987,0.9987,0.580612,0.793721,0.0,0.535911,0.785442,-0.019848,0.499126,0.814595,-0.029418,0.476392,0.859488,-0.033484,0.465729,0.900248,-0.036053,0.533809,0.862042,-0.040587,0.508632,0.929394,-0.050288,0.48812,0.941434,-0.05153,0.475861,0.938888,-0.050343,0.559971,0.881873,-0.031046,0.524971,0.931472,-0.03691,0.510635,0.921928,-0.033396,0.510537,0.905804,-0.0311,0.577744,0.891267,-0.021174,0.544673,0.930373,-0.023938,0.534412,0.917514,-0.017651,0.536018,0.900883,-0.01445,0.588354,0.895716,-0.012618,0.559708,0.92142,-0.016357,0.55048,0.910074,-0.01361,0.552168,0.896117,-0.011073
514,17133,True,0.9979,0.9979,0.580466,0.792657,0.0,0.536236,0.78439,-0.018634,0.498667,0.814298,-0.027525,0.475239,0.860304,-0.031503,0.467152,0.902207,-0.03417,0.532476,0.862145,-0.037564,0.50747,0.929023,-0.046831,0.487392,0.942076,-0.048613,0.475134,0.94132,-0.048133,0.557692,0.881071,-0.029147,0.523048,0.933802,-0.035218,0.507855,0.925641,-0.033207,0.507033,0.908952,-0.03188,0.575282,0.889754,-0.020366,0.542057,0.930872,-0.023071,0.530922,0.919484,-0.017796,0.531838,0.903091,-0.015314,0.586399,0.893693,-0.012858,0.556933,0.920772,-0.016112,0.547476,0.910327,-0.013538,0.549054,0.896226,-0.01137
515,17166,True,0.9984,0.9984,0.580574,0.793679,0.0,0.535592,0.784577,-0.018586,0.498502,0.814076,-0.027216,0.475211,0.861099,-0.030825,0.467022,0.903832,-0.032885,0.532265,0.861357,-0.037527,0.506826,0.930322,-0.046191,0.487012,0.940014,-0.047104,0.475628,0.935435,-0.045866,0.557661,0.881542,-0.028548,0.522474,0.932412,-0.033678,0.508572,0.921833,-0.030852,0.509173,0.904514,-0.029074,0.575018,0.890991,-0.019156,0.541247,0.931025,-0.020611,0.530924,0.918576,-0.014708,0.5324,0.902329,-0.012045,0.585322,0.895912,-0.011084,0.555878,0.922266,-0.013461,0.546763,0.91153,-0.010629,0.548435,0.897804,-0.008354
516,17200,True,0.9965,0.9965,0.578222,0.795359,0.0,0.533527,0.787268,-0.019471,0.497074,0.815598,-0.028924,0.473283,0.861289,-0.032976,0.463216,0.903134,-0.035585,0.530865,0.860536,-0.040762,0.504838,0.929606,-0.048893,0.485366,0.941644,-0.048365,0.473968,0.939946,-0.046172,0.555581,0.881206,-0.031313,0.519227,0.9337,-0.035576,0.504129,0.924265,-0.031249,0.502937,0.906959,-0.028657,0.572999,0.891167,-0.02137,0.537311,0.932204,-0.022747,0.525929,0.919766,-0.016616,0.52632,0.902963,-0.013895,0.583925,0.896307,-0.012719,0.55345,0.923267,-0.015582,0.542687,0.913724,-0.013291,0.542302,0.900614,-0.011471
517,17233,True,0.9958,0.9958,0.577817,0.794777,0.0,0.534015,0.788032,-0.019188,0.498148,0.814969,-0.028558,0.47522,0.859654,-0.032982,0.465315,0.900712,-0.035812,0.531749,0.862791,-0.036779,0.505918,0.929433,-0.044841,0.487596,0.938404,-0.044911,0.477519,0.934403,-0.043318,0.556444,0.882258,-0.027867,0.521118,0.93142,-0.033119,0.509458,0.917279,-0.029879,0.512269,0.898832,-0.027678,0.574128,0.891329,-0.018659,0.539768,0.930614,-0.020779,0.531798,0.915033,-0.014157,0.535751,0.897367,-0.010688,0.585604,0.895579,-0.01082,0.556859,0.923139,-0.013911,0.549343,0.911232,-0.010813,0.552245,0.8967,-0.008173
518,17266,True,0.9978,0.9978,0.578009,0.796147,0.0,0.533868,0.786723,-0.019331,0.49813,0.813706,-0.028867,0.474837,0.85851,-0.033428,0.465723,0.899931,-0.03644,0.530576,0.86051,-0.038401,0.505149,0.929413,-0.047426,0.487383,0.938379,-0.048136,0.478073,0.934194,-0.046797,0.555433,0.880961,-0.029497,0.521401,0.932101,-0.035029,0.510045,0.918769,-0.031644,0.512938,0.901129,-0.029513,0.573219,0.891171,-0.02033,0.539878,0.932209,-0.022735,0.532333,0.916648,-0.016052,0.536585,0.899351,-0.012672,0.584613,0.897052,-0.012561,0.555475,0.924938,-0.015986,0.548306,0.912827,-0.013125,0.551533,0.898675,-0.010777
519,17300,True,0.9969,0.9969,0.577913,0.795496,0.0,0.533921,0.787379,-0.020283,0.497143,0.815025,-0.03026,0.473926,0.860211,-0.034643,0.465737,0.902331,-0.037506,0.533047,0.86072,-0.041581,0.50665,0.92799,-0.05031,0.487054,0.940589,-0.050696,0.475553,0.940319,-0.049356,0.557924,0.881422,-0.032041,0.521013,0.931238,-0.03788,0.508075,0.918194,-0.034304,0.510207,0.899927,-0.032034,0.575174,0.891527,-0.021978,0.53963,0.932969,-0.024715,0.530195,0.918133,-0.018075,0.53344,0.900709,-0.014697,0.585632,0.896964,-0.01324,0.555629,0.925838,-0.01696,0.546676,0.914425,-0.014089,0.549019,0.90023,-0.011737
520,17333,True,0.9993,0.9993,0.580543,0.795165,0.0,0.536371,0.785701,-0.020982,0.499361,0.812528,-0.032083,0.476317,0.857224,-0.037436,0.468235,0.900051,-0.04137,0.534503,0.857258,-0.043641,0.509108,0.925481,-0.05368,0.489093,0.940235,-0.054926,0.476287,0.940832,-0.053835,0.559723,0.878116,-0.033673,0.524823,0.930334,-0.039144,0.509971,0.923371,-0.035334,0.507456,0.909013,-0.033196,0.577046,0.888995,-0.023272,0.542356,0.929929,-0.025295,0.531195,0.919451,-0.018984,0.530958,0.904209,-0.016235,0.587383,0.89515,-0.014311,0.557525,0.922187,-0.017308,0.547009,0.913086,-0.014728,0.546826,0.90051,-0.012729
521,17366,True,0.9993,0.9993,0.581955,0.795442,0.0,0.538047,0.785538,-0.02041,0.501238,0.812308,-0.030408,0.477655,0.85749,-0.035424,0.470175,0.900782,-0.038886,0.536225,0.861091,-0.037438,0.510693,0.925307,-0.046016,0.49231,0.936098,-0.04651,0.481697,0.933279,-0.044963,0.560217,0.880166,-0.027954,0.526546,0.931399,-0.0323,0.511594,0.926285,-0.028917,0.508948,0.914286,-0.026917,0.576821,0.889962,-0.018419,0.543102,0.928705,-0.02058,0.532837,0.918364,-0.015498,0.533281,0.904191,-0.013173,0.586816,0.895788,-0.010291,0.557042,0.921538,-0.013373,0.547542,0.911523,-0.011198,0.548698,0.897907,-0.009252
522,17400,True,0.9991,0.9991,0.583511,0.794099,0.0,0.540156,0.783768,-0.019158,0.503173,0.811009,-0.028084,0.480215,0.855204,-0.032259,0.472084,0.896503,-0.034798,0.53693,0.85667,-0.035731,0.513834,0.922048,-0.044035,0.497008,0.934443,-0.044328,0.48809,0.932107,-0.042473,0.560617,0.876106,-0.026712,0.529231,0.927784,-0.03105,0.515108,0.922926,-0.027837,0.513288,0.910327,-0.025819,0.577328,0.886772,-0.017621,0.544932,0.925856,-0.019588,0.535045,0.916111,-0.01461,0.535805,0.902032,-0.012276,0.587893,0.893567,-0.009852,0.559339,0.919132,-0.012534,0.549817,0.909591,-0.010321,0.550918,0.896303,-0.00839
523,17433,True,0.9988,0.9988,0.582951,0.795026,0.0,0.540114,0.784625,-0.01941,0.503967,0.810692,-0.029016,0.481088,0.85428,-0.034029,0.472405,0.895851,-0.037445,0.539097,0.859916,-0.034968,0.514561,0.924585,-0.044029,0.497101,0.933985,-0.045646,0.488048,0.929289,-0.044691,0.563037,0.879111,-0.026031,0.529541,0.92892,-0.031389,0.515902,0.920516,-0.029209,0.516163,0.905308,-0.027593,0.579586,0.888679,-0.017105,0.546028,0.926695,-0.019253,0.536266,0.915586,-0.014463,0.538184,0.900468,-0.012204,0.589532,0.894155,-0.009578,0.560129,0.917743,-0.012161,0.551462,0.907505,-0.009935,0.55391,0.894253,-0.007977
524,17466,True,0.9982,0.9982,0.583956,0.794439,0.0,0.540443,0.784495,-0.019276,0.503771,0.811087,-0.028181,0.482295,0.854806,-0.032114,0.473894,0.895039,-0.034418,0.538698,0.859199,-0.035649,0.514399,0.923299,-0.043461,0.498049,0.934294,-0.044016,0.489062,0.931644,-0.042853,0.56309,0.878932,-0.026548,0.529559,0.923221,-0.031319,0.517966,0.911249,-0.028567,0.519543,0.894364,-0.027078,0.579737,0.888237,-0.017266,0.546374,0.923915,-0.019064,0.538294,0.910931,-0.0134,0.541019,0.895129,-0.011003,0.590033,0.893308,-0.009389,0.560956,0.916972,-0.012042,0.553165,0.905967,-0.00947,0.555401,0.892407,-0.007532
525,17500,True,0.9985,0.9985,0.582401,0.79274,0.0,0.540732,0.783882,-0.01772,0.505426,0.809378,-0.026112,0.483665,0.851954,-0.0297,0.47518,0.890437,-0.031695,0.537613,0.856992,-0.03477,0.516478,0.92079,-0.042086,0.503778,0.928813,-0.042364,0.497844,0.923756,-0.040925,0.561747,0.876933,-0.026023,0.532099,0.920503,-0.029226,0.521809,0.908959,-0.02606,0.523055,0.892236,-0.024667,0.578916,0.886305,-0.016971,0.54919,0.920908,-0.017097,0.542132,0.908902,-0.011575,0.544315,0.893538,-0.009704,0.589975,0.891158,-0.009181,0.563785,0.913601,-0.010273,0.556711,0.903488,-0.007571,0.558411,0.890538,-0.005839
526,17533,True,0.9985,0.9985,0.581031,0.795896,0.0,0.538989,0.785473,-0.018722,0.503763,0.811077,-0.028284,0.482076,0.854626,-0.032632,0.473242,0.894764,-0.035498,0.537654,0.860332,-0.039589,0.511453,0.926893,-0.047871,0.493406,0.934695,-0.048022,0.483819,0.928751,-0.046162,0.562306,0.880124,-0.030185,0.526986,0.925091,-0.034028,0.514587,0.913417,-0.029737,0.515836,0.897737,-0.027354,0.579265,0.888929,-0.02029,0.545,0.923768,-0.020731,0.536239,0.910378,-0.014211,0.538656,0.89489,-0.011583,0.589723,0.893163,-0.011672,0.560729,0.915899,-0.013207,0.552494,0.90467,-0.010087,0.554681,0.891671,-0.007859
527,17566,True,0.9987,0.9987,0.582501,0.794348,0.0,0.539251,0.784648,-0.018156,0.503468,0.810936,-0.026911,0.481731,0.854206,-0.03091,0.472277,0.893051,-0.033189,0.53623,0.857224,-0.035626,0.511807,0.925201,-0.043678,0.494713,0.933308,-0.044059,0.485755,0.927564,-0.042551,0.560866,0.877495,-0.027013,0.527243,0.924303,-0.031851,0.516245,0.912478,-0.028662,0.518831,0.895999,-0.026692,0.577968,0.887905,-0.018127,0.545018,0.924638,-0.019564,0.537637,0.91077,-0.013449,0.541268,0.894826,-0.0107,0.588771,0.894086,-0.010587,0.560036,0.91814,-0.012958,0.552889,0.906494,-0.010074,0.55566,0.893114,-0.007792
528,17600,True,0.9969,0.9969,0.57931,0.794707,0.0,0.536815,0.786003,-0.018244,0.501253,0.813562,-0.02655,0.480075,0.858927,-0.029982,0.471731,0.898794,-0.032007,0.534636,0.862112,-0.036717,0.509172,0.925954,-0.0451,0.49277,0.93334,-0.045916,0.484008,0.927958,-0.044905,0.559783,0.881715,-0.028113,0.526362,0.925493,-0.032887,0.515413,0.91193,-0.029906,0.517487,0.894577,-0.028515,0.577522,0.890546,-0.019168,0.545007,0.925923,-0.021004,0.537365,0.91203,-0.014684,0.540488,0.895672,-0.011961,0.588854,0.895047,-0.01152,0.560476,0.91921,-0.014307,0.55301,0.907737,-0.011297,0.555549,0.893991,-0.009049
529,17633,True,0.998,0.998,0.580453,0.794272,0.0,0.53658,0.785838,-0.019749,0.499137,0.813959,-0.02964,0.476537,0.858471,-0.034166,0.468202,0.899763,-0.037323,0.534225,0.86042,-0.040286,0.509114,0.926725,-0.050301,0.489322,0.938945,-0.052222,0.477334,0.936499,-0.051583,0.560078,0.88023,-0.031127,0.525879,0.929856,-0.037233,0.512065,0.921015,-0.034471,0.511605,0.904957,-0.032752,0.57774,0.890005,-0.021647,0.544676,0.928828,-0.024257,0.534614,0.916779,-0.018356,0.535708,0.900245,-0.015587,0.58835,0.894821,-0.013519,0.559615,0.920153,-0.016875,0.550447,0.909893,-0.014189,0.551562,0.896646,-0.011865
530,17666,True,0.998,0.998,0.579814,0.794396,0.0,0.535816,0.786294,-0.019395,0.499055,0.815094,-0.028606,0.475967,0.85974,-0.032607,0.466641,0.90063,-0.035269,0.53345,0.862852,-0.038204,0.508073,0.927918,-0.047415,0.487879,0.939992,-0.049048,0.474757,0.939148,-0.048451,0.558655,0.882602,-0.02904,0.523504,0.930185,-0.034287,0.509145,0.920153,-0.031381,0.507943,0.90457,-0.029742,0.576047,0.891749,-0.019612,0.54209,0.929201,-0.021726,0.531425,0.916972,-0.01584,0.531773,0.901305,-0.01316,0.586647,0.896045,-0.011578,0.55764,0.921497,-0.014583,0.547792,0.911294,-0.011874,0.548257,0.897799,-0.009627
531,17700,True,0.9979,0.9979,0.580105,0.794141,0.0,0.535119,0.785998,-0.019268,0.497968,0.815265,-0.028485,0.474722,0.860592,-0.032628,0.465566,0.902172,-0.035485,0.533177,0.862951,-0.038012,0.506871,0.928268,-0.047034,0.487148,0.939613,-0.048488,0.474846,0.937699,-0.047811,0.558672,0.881952,-0.029088,0.52342,0.931743,-0.034464,0.508993,0.922487,-0.031917,0.507722,0.906686,-0.0305,0.57607,0.890683,-0.019846,0.54205,0.930464,-0.022002,0.531255,0.918673,-0.01632,0.531625,0.902668,-0.013795,0.586545,0.894778,-0.011974,0.557875,0.92209,-0.015042,0.54835,0.912125,-0.012397,0.548955,0.898371,-0.010231
532,17733,True,0.998,0.998,0.580684,0.792404,0.0,0.536048,0.785474,-0.018264,0.498757,0.814792,-0.026956,0.475802,0.859967,-0.030765,0.46745,0.901098,-0.033243,0.533474,0.861241,-0.036343,0.5083,0.925539,-0.044263,0.490513,0.937116,-0.044909,0.479675,0.935362,-0.043931,0.558602,0.880267,-0.027766,0.525167,0.927533,-0.03221,0.512703,0.916986,-0.029204,0.512773,0.900372,-0.027745,0.57607,0.889362,-0.018813,0.543299,0.92713,-0.020333,0.534389,0.914781,-0.014357,0.536122,0.898641,-0.011858,0.586876,0.89411,-0.011147,0.558691,0.920552,-0.013645,0.550272,0.910203,-0.010716,0.551564,0.896423,-0.008532
533,17766,True,0.9986,0.9986,0.580651,0.793159,0.0,0.536886,0.785284,-0.01873,0.499434,0.814233,-0.02771,0.476364,0.860324,-0.031569,0.468286,0.902346,-0.034225,0.533984,0.8616,-0.037897,0.508077,0.926842,-0.046221,0.489755,0.938392,-0.04725,0.478223,0.936732,-0.046368,0.559258,0.88041,-0.028923,0.525685,0.930021,-0.033142,0.511437,0.923863,-0.030343,0.508649,0.909801,-0.029183,0.576562,0.889579,-0.019541,0.544172,0.929208,-0.02069,0.533046,0.920172,-0.015635,0.53186,0.905644,-0.013944,0.587025,0.894872,-0.011461,0.55956,0.921576,-0.013742,0.549401,0.913909,-0.011531,0.548544,0.901989,-0.009936
534,17800,True,0.9986,0.9986,0.581387,0.792993,0.0,0.537998,0.785223,-0.017924,0.500389,0.813594,-0.026459,0.478095,0.859521,-0.030249,0.471183,0.9013,-0.032614,0.533797,0.860583,-0.035505,0.510028,0.926386,-0.043692,0.492516,0.937256,-0.044687,0.482148,0.934651,-0.043795,0.559116,0.879727,-0.027194,0.527527,0.930175,-0.032077,0.514543,0.921712,-0.029749,0.514022,0.905734,-0.028611,0.576605,0.889472,-0.01856,0.545469,0.930171,-0.020274,0.535671,0.919654,-0.015173,0.536507,0.904118,-0.013163,0.5874,0.895281,-0.011183,0.559813,0.922185,-0.013577,0.550928,0.912978,-0.011187,0.551953,0.900004,-0.009405
535,17833,True,0.9984,0.9984,0.580744,0.792399,0.0,0.537613,0.78515,-0.019143,0.50027,0.813904,-0.028099,0.477354,0.859115,-0.031832,0.468686,0.900693,-0.034103,0.535195,0.860004,-0.038297,0.511104,0.924914,-0.046664,0.493363,0.937784,-0.047355,0.482418,0.937052,-0.046214,0.560526,0.879748,-0.029216,0.527613,0.928247,-0.034289,0.514375,0.918858,-0.031443,0.513697,0.902224,-0.029962,0.57773,0.889757,-0.019742,0.544728,0.929074,-0.021667,0.534769,0.917828,-0.016061,0.535503,0.901947,-0.013681,0.587951,0.89573,-0.011602,0.558563,0.921629,-0.014413,0.548922,0.912345,-0.012113,0.549362,0.899701,-0.010319
536,17866,True,0.9989,0.9989,0.581147,0.794576,0.0,0.537322,0.785033,-0.019848,0.500226,0.813661,-0.029014,0.477551,0.858652,-0.032684,0.469311,0.900421,-0.034839,0.53516,0.860711,-0.039422,0.510946,0.926307,-0.047919,0.491641,0.939292,-0.048719,0.479627,0.937985,-0.047617,0.560665,0.881033,-0.029755,0.526651,0.92665,-0.03487,0.513611,0.915545,-0.031531,0.514104,0.897755,-0.029693,0.577909,0.890439,-0.019735,0.544028,0.926596,-0.021858,0.534695,0.913646,-0.015838,0.536547,0.896733,-0.013211,0.588264,0.895206,-0.011067,0.558496,0.918171,-0.014164,0.549714,0.906933,-0.011686,0.551366,0.892894,-0.00971
537,17900,True,0.9982,0.9982,0.580466,0.79576,0.0,0.536407,0.786312,-0.01903,0.499385,0.814513,-0.027742,0.477338,0.860042,-0.031165,0.469798,0.901305,-0.033106,0.533989,0.860775,-0.038286,0.509949,0.926605,-0.046517,0.49094,0.93925,-0.047193,0.479171,0.937874,-0.046129,0.559473,0.881571,-0.029251,0.525236,0.927311,-0.034635,0.512483,0.91583,-0.031822,0.513255,0.898045,-0.030296,0.576944,0.891235,-0.019774,0.543279,0.927704,-0.021791,0.533748,0.914796,-0.01573,0.535562,0.897946,-0.013126,0.587815,0.895889,-0.011627,0.558395,0.919193,-0.014632,0.549305,0.908773,-0.012023,0.550499,0.895285,-0.009978
538,17933,True,0.9982,0.9982,0.581075,0.795388,0.0,0.537438,0.785874,-0.019013,0.499347,0.814791,-0.027889,0.477314,0.861166,-0.031426,0.471378,0.902507,-0.033563,0.534162,0.859514,-0.039514,0.509791,0.925788,-0.048752,0.490556,0.939228,-0.050134,0.478716,0.938387,-0.049313,0.559431,0.88018,-0.030591,0.525924,0.929531,-0.036265,0.511958,0.921647,-0.033658,0.511208,0.905832,-0.032301,0.576664,0.890682,-0.021224,0.54415,0.930811,-0.023801,0.533133,0.920346,-0.018588,0.533507,0.904781,-0.016397,0.587068,0.896611,-0.013079,0.558531,0.924012,-0.016196,0.548376,0.915506,-0.01383,0.548729,0.902971,-0.01202
539,17966,True,0.9983,0.9983,0.580651,0.794818,0.0,0.537553,0.785607,-0.018207,0.50059,0.81375,-0.026523,0.478919,0.85967,-0.029685,0.472024,0.900075,-0.031423,0.534134,0.859444,-0.037676,0.510841,0.924926,-0.045547,0.493779,0.937087,-0.045875,0.483769,0.93533,-0.044598,0.559344,0.879828,-0.028982,0.527278,0.926981,-0.033587,0.514733,0.917492,-0.030626,0.514665,0.901055,-0.029264,0.57673,0.889862,-0.019789,0.545218,0.928646,-0.021203,0.535199,0.918029,-0.015664,0.535949,0.902537,-0.01362,0.587477,0.895451,-0.011834,0.559949,0.921695,-0.014256,0.55038,0.913192,-0.011851,0.550855,0.900733,-0.010199
540,18000,True,0.9976,0.9976,0.579806,0.796135,0.0,0.53697,0.786037,-0.018249,0.501104,0.812507,-0.026575,0.480003,0.858101,-0.029642,0.472661,0.898467,-0.031556,0.532994,0.862127,-0.038224,0.508441,0.926048,-0.045694,0.491394,0.937247,-0.045989,0.481137,0.9351,-0.04464,0.558119,0.882052,-0.028848,0.52628,0.927419,-0.031718,0.514164,0.917166,-0.027748,0.514187,0.899987,-0.026007,0.575948,0.890033,-0.018922,0.544932,0.925914,-0.019354,0.535924,0.913866,-0.013608,0.537217,0.897396,-0.011625,0.587553,0.892772,-0.010131,0.561211,0.91575,-0.011774,0.552956,0.905613,-0.009077,0.554308,0.892092,-0.007334
541,18033,True,0.998,0.998,0.579515,0.79743,0.0,0.536252,0.786626,-0.019001,0.499401,0.814166,-0.027913,0.47793,0.860225,-0.031348,0.470688,0.901592,-0.033547,0.532891,0.861383,-0.040438,0.507148,0.927846,-0.049138,0.48816,0.941049,-0.050016,0.476871,0.940264,-0.048771,0.558324,0.881779,-0.030997,0.524285,0.931216,-0.035844,0.511171,0.921166,-0.032448,0.511842,0.90344,-0.030535,0.575733,0.891149,-0.020961,0.542991,0.930961,-0.022926,0.532798,0.918563,-0.017116,0.534677,0.901535,-0.014547,0.586642,0.895434,-0.012073,0.558281,0.921658,-0.014866,0.549073,0.911421,-0.012176,0.550956,0.897679,-0.010131
542,18066,True,0.9984,0.9984,0.580536,0.795458,0.0,0.537474,0.786169,-0.018421,0.49995,0.813869,-0.027345,0.476815,0.859141,-0.031197,0.469555,0.900723,-0.033778,0.533392,0.860106,-0.038608,0.50889,0.925152,-0.047046,0.489862,0.937754,-0.047744,0.478359,0.936565,-0.046452,0.557853,0.879625,-0.029867,0.524437,0.932054,-0.034422,0.510327,0.9244,-0.031065,0.510017,0.907797,-0.029047,0.574919,0.888626,-0.020623,0.542557,0.929029,-0.022403,0.532201,0.917812,-0.016961,0.533992,0.901059,-0.01452,0.58573,0.892468,-0.012514,0.557397,0.919045,-0.014857,0.548565,0.909074,-0.012146,0.550733,0.895213,-0.010105
543,18100,True,0.9987,0.9987,0.580331,0.79577,0.0,0.53683,0.785979,-0.020223,0.500064,0.813519,-0.02931,0.477276,0.85831,-0.032968,0.468065,0.899027,-0.0352,0.535885,0.862989,-0.037969,0.510759,0.92587,-0.045749,0.49258,0.938131,-0.046065,0.481718,0.936281,-0.044508,0.560078,0.882297,-0.027745,0.526928,0.929887,-0.031199,0.51207,0.923879,-0.027699,0.509113,0.909523,-0.025987,0.576407,0.890755,-0.017344,0.543244,0.928402,-0.018807,0.531848,0.919021,-0.014438,0.530813,0.904242,-0.01296,0.586095,0.894338,-0.008202,0.557618,0.919378,-0.010734,0.547376,0.910747,-0.009132,0.547232,0.897749,-0.007932
544,18133,True,0.9979,0.9979,0.580448,0.797773,0.0,0.536578,0.786774,-0.019459,0.499546,0.814462,-0.028865,0.477443,0.859347,-0.032716,0.470406,0.900494,-0.035325,0.534354,0.861702,-0.041127,0.50953,0.926241,-0.049782,0.489808,0.94066,-0.050547,0.47732,0.940655,-0.049228,0.559029,0.882111,-0.03139,0.524202,0.928057,-0.035647,0.51019,0.918573,-0.031398,0.509606,0.902031,-0.029025,0.57593,0.891022,-0.021164,0.541248,0.926753,-0.022721,0.530761,0.914414,-0.016768,0.531646,0.898111,-0.014296,0.586571,0.894435,-0.01215,0.556635,0.916298,-0.014552,0.546748,0.905957,-0.01207,0.547655,0.892593,-0.010308
545,18166,True,0.9986,0.9986,0.57951,0.796783,0.0,0.536479,0.786686,-0.01949,0.499599,0.814517,-0.028128,0.477944,0.860425,-0.031104,0.471363,0.901584,-0.032802,0.534362,0.863152,-0.039953,0.50973,0.926287,-0.048339,0.490642,0.939498,-0.049208,0.478324,0.93917,-0.048037,0.558651,0.883265,-0.029906,0.525554,0.929081,-0.033446,0.510268,0.922901,-0.02986,0.506741,0.908643,-0.028261,0.575212,0.891942,-0.019415,0.542881,0.927657,-0.020746,0.530742,0.918313,-0.01613,0.528754,0.90366,-0.01464,0.585414,0.895346,-0.010077,0.557589,0.918557,-0.012471,0.546661,0.910142,-0.010635,0.545502,0.897632,-0.009324
546,18200,True,0.9986,0.9986,0.580797,0.79632,0.0,0.537825,0.785844,-0.019535,0.500704,0.81308,-0.0285,0.478508,0.857807,-0.031953,0.470987,0.898859,-0.034112,0.533901,0.861627,-0.039961,0.509507,0.925032,-0.048907,0.490383,0.938933,-0.050272,0.47786,0.938766,-0.049405,0.558178,0.881937,-0.030224,0.525735,0.929009,-0.034082,0.510749,0.92367,-0.030595,0.50732,0.909764,-0.02901,0.575028,0.891093,-0.020147,0.542798,0.927276,-0.02155,0.531115,0.918228,-0.016788,0.529396,0.903758,-0.015183,0.585555,0.894665,-0.011291,0.55748,0.917934,-0.013669,0.546711,0.909947,-0.011749,0.545611,0.898019,-0.010375
547,18233,True,0.9981,0.9981,0.579371,0.796529,0.0,0.536845,0.786298,-0.018619,0.50092,0.812809,-0.026678,0.479576,0.858338,-0.029512,0.472327,0.898544,-0.031043,0.533959,0.865092,-0.03618,0.50901,0.925951,-0.043152,0.491969,0.936604,-0.0432,0.481402,0.933802,-0.041659,0.558289,0.884668,-0.026464,0.526458,0.927003,-0.028465,0.512862,0.920154,-0.024592,0.509847,0.906012,-0.023132,0.575393,0.892142,-0.016435,0.543937,0.925615,-0.016912,0.533449,0.916079,-0.012231,0.532219,0.901557,-0.010934,0.586209,0.894642,-0.007541,0.559112,0.916983,-0.009312,0.549547,0.908209,-0.007174,0.549127,0.89524,-0.005759
548,18266,True,0.9983,0.9983,0.58047,0.796217,0.0,0.537619,0.786288,-0.019336,0.50144,0.813054,-0.028734,0.478946,0.857218,-0.032672,0.470642,0.897845,-0.03538,0.533974,0.86258,-0.040993,0.507912,0.927361,-0.050395,0.488133,0.939524,-0.051656,0.475308,0.937452,-0.050445,0.558434,0.88251,-0.031358,0.523933,0.93092,-0.035125,0.50823,0.924842,-0.030984,0.504666,0.910395,-0.02884,0.575558,0.890953,-0.021322,0.542882,0.928169,-0.02252,0.530927,0.918264,-0.017129,0.529538,0.902971,-0.015094,0.586354,0.893631,-0.0125,0.558144,0.917763,-0.014741,0.547742,0.908729,-0.012214,0.547324,0.895942,-0.010322
549,18300,True,0.9982,0.9982,0.580633,0.796478,0.0,0.536505,0.786195,-0.019743,0.499086,0.813728,-0.028678,0.476675,0.860051,-0.032122,0.468931,0.901845,-0.034231,0.533661,0.862604,-0.040096,0.50824,0.927807,-0.048876,0.489554,0.939383,-0.049871,0.477939,0.937029,-0.048713,0.55836,0.882553,-0.03025,0.524815,0.931679,-0.034251,0.510056,0.925275,-0.03092,0.50772,0.910136,-0.029379,0.575421,0.891229,-0.019996,0.542959,0.929343,-0.02146,0.531925,0.919183,-0.01652,0.531678,0.903694,-0.014748,0.586071,0.894724,-0.010995,0.557842,0.919332,-0.013472,0.548129,0.910104,-0.011345,0.548536,0.896949,-0.009772
550,18333,True,0.9985,0.9985,0.580698,0.79713,0.0,0.535721,0.786406,-0.020655,0.498379,0.814386,-0.030177,0.475565,0.860688,-0.034027,0.468057,0.902872,-0.036508,0.534396,0.863519,-0.041526,0.50789,0.927903,-0.050953,0.488133,0.940331,-0.052387,0.475851,0.938931,-0.051472,0.558958,0.883759,-0.031468,0.52354,0.933649,-0.036517,0.507722,0.926879,-0.033622,0.504915,0.911288,-0.032097,0.575598,0.892744,-0.020997,0.541291,0.931813,-0.023229,0.529038,0.921763,-0.018345,0.52826,0.906104,-0.016398,0.585728,0.896457,-0.011844,0.555884,0.922052,-0.014919,0.545314,0.912847,-0.012922,0.545347,0.899463,-0.011314
551,18366,True,0.9983,0.9983,0.5803,0.797091,0.0,0.536224,0.786637,-0.021504,0.499148,0.8145,-0.031633,0.475946,0.860735,-0.036143,0.46867,0.903184,-0.039248,0.534575,0.864384,-0.041642,0.507566,0.927773,-0.051681,0.488192,0.93954,-0.053328,0.476289,0.937371,-0.052417,0.558884,0.884146,-0.031544,0.523665,0.934547,-0.036824,0.507017,0.929943,-0.034015,0.502527,0.916229,-0.03253,0.575637,0.893011,-0.021271,0.541011,0.931463,-0.023975,0.528314,0.92229,-0.01942,0.526346,0.907488,-0.017614,0.585944,0.896432,-0.012419,0.555599,0.921241,-0.015866,0.544418,0.912435,-0.01412,0.543486,0.899485,-0.012626
552,18400,True,0.9972,0.9972,0.579351,0.795588,0.0,0.536911,0.786883,-0.020319,0.500721,0.813081,-0.029594,0.478356,0.857653,-0.033904,0.469902,0.899143,-0.037103,0.534122,0.862406,-0.035227,0.509115,0.923549,-0.043274,0.491929,0.937312,-0.044682,0.480332,0.937477,-0.044188,0.558304,0.881346,-0.025647,0.528228,0.92926,-0.029171,0.514143,0.924879,-0.026837,0.509423,0.911798,-0.026065,0.575881,0.88962,-0.016122,0.545596,0.927299,-0.017694,0.535207,0.918646,-0.013722,0.53291,0.904541,-0.012549,0.587287,0.892922,-0.007995,0.561332,0.918593,-0.010769,0.550926,0.911051,-0.009233,0.548938,0.898421,-0.008038
553,18433,True,0.9973,0.9973,0.579811,0.795694,0.0,0.53695,0.78679,-0.017968,0.501023,0.813352,-0.026126,0.480632,0.857286,-0.029659,0.471618,0.89639,-0.031986,0.533633,0.860126,-0.033894,0.510979,0.922654,-0.041088,0.49541,0.934193,-0.041625,0.485771,0.932335,-0.040767,0.558395,0.879135,-0.025421,0.527796,0.921299,-0.029402,0.517237,0.908749,-0.026453,0.518164,0.890933,-0.025102,0.576367,0.887356,-0.016715,0.545134,0.920948,-0.018218,0.538505,0.907426,-0.012206,0.541202,0.891087,-0.009712,0.588528,0.891059,-0.00929,0.561021,0.912404,-0.011887,0.553829,0.900908,-0.009091,0.555896,0.887146,-0.007015
554,18466,True,0.9977,0.9977,0.578185,0.796155,0.0,0.536383,0.786476,-0.01826,0.500751,0.812522,-0.026869,0.479518,0.856467,-0.030547,0.470068,0.896273,-0.033281,0.532883,0.859681,-0.037217,0.509515,0.923407,-0.045446,0.492027,0.935829,-0.046583,0.480671,0.934479,-0.04578,0.557448,0.878865,-0.02827,0.526494,0.924592,-0.03179,0.513931,0.915776,-0.028233,0.512728,0.899741,-0.026638,0.575417,0.88712,-0.01896,0.544621,0.922349,-0.020022,0.536152,0.91071,-0.014189,0.537364,0.894669,-0.011924,0.587563,0.890529,-0.010878,0.560742,0.912772,-0.01329,0.552198,0.902138,-0.010689,0.553323,0.88853,-0.008759
555,18500,True,0.9981,0.9981,0.579593,0.795006,0.0,0.5374,0.785352,-0.01719,0.501478,0.811969,-0.025015,0.480429,0.855322,-0.028342,0.472309,0.894403,-0.030286,0.532683,0.858577,-0.033576,0.510753,0.922957,-0.041185,0.496003,0.931511,-0.041871,0.488048,0.926507,-0.040784,0.557416,0.877345,-0.025408,0.527314,0.920712,-0.029277,0.517464,0.908147,-0.026102,0.519608,0.890823,-0.024556,0.575559,0.885708,-0.017033,0.544985,0.919503,-0.018224,0.538937,0.905867,-0.0121,0.542654,0.88983,-0.009529,0.587845,0.889657,-0.00991,0.560376,0.910843,-0.012125,0.553989,0.899153,-0.009193,0.556915,0.885939,-0.007057
556,18533,True,0.9979,0.9979,0.57936,0.79421,0.0,0.537738,0.785532,-0.017429,0.501442,0.811955,-0.025336,0.480309,0.856216,-0.028369,0.472384,0.895514,-0.030129,0.533344,0.856275,-0.035699,0.512671,0.919033,-0.042803,0.498944,0.932419,-0.04267,0.491224,0.931773,-0.041134,0.557273,0.875966,-0.027206,0.528129,0.920517,-0.030459,0.517274,0.911608,-0.02681,0.517338,0.895307,-0.025182,0.574808,0.885433,-0.018319,0.545015,0.920697,-0.019311,0.537975,0.909951,-0.013838,0.539855,0.894622,-0.011844,0.586648,0.890305,-0.01056,0.560004,0.912213,-0.012441,0.552389,0.903046,-0.010121,0.553447,0.890859,-0.008658
557,18566,True,0.9979,0.9979,0.578427,0.795804,0.0,0.537238,0.785293,-0.017973,0.500593,0.812203,-0.02669,0.479081,0.856498,-0.030362,0.469866,0.895715,-0.03307,0.53251,0.856571,-0.038036,0.510822,0.920343,-0.046167,0.494834,0.935608,-0.046956,0.484726,0.93662,-0.045871,0.556501,0.876177,-0.02916,0.526702,0.921142,-0.032789,0.514724,0.914378,-0.029092,0.513198,0.900392,-0.027432,0.574028,0.885792,-0.019861,0.543386,0.921033,-0.020923,0.535191,0.910817,-0.015335,0.535869,0.89643,-0.013311,0.585811,0.890847,-0.011713,0.558257,0.912472,-0.013557,0.549487,0.904024,-0.011177,0.549672,0.893181,-0.009646
558,18600,True,0.9976,0.9976,0.579438,0.797889,0.0,0.53753,0.786128,-0.018806,0.500331,0.81256,-0.02804,0.479169,0.857079,-0.031836,0.471856,0.896753,-0.034678,0.533158,0.856753,-0.040792,0.510168,0.92096,-0.049651,0.492556,0.937413,-0.051263,0.481209,0.940163,-0.051084,0.557243,0.877851,-0.031849,0.524558,0.920976,-0.037066,0.512937,0.910051,-0.033722,0.51342,0.893195,-0.032246,0.574767,0.888152,-0.022369,0.542058,0.923817,-0.024468,0.533598,0.912261,-0.018342,0.535343,0.896812,-0.016028,0.586505,0.89378,-0.014112,0.557356,0.916172,-0.017225,0.548388,0.906976,-0.014893,0.549335,0.895321,-0.013429
559,18633,True,0.9984,0.9984,0.579388,0.796683,0.0,0.537341,0.785174,-0.0185,0.50046,0.812439,-0.027246,0.47859,0.857818,-0.030664,0.46989,0.898288,-0.033192,0.533218,0.856871,-0.039092,0.51074,0.920642,-0.046568,0.49459,0.937274,-0.046973,0.484354,0.940019,-0.046015,0.557677,0.877572,-0.029896,0.526551,0.91956,-0.033413,0.515307,0.909105,-0.029357,0.515459,0.892658,-0.027653,0.575465,0.887099,-0.020198,0.54465,0.921235,-0.021144,0.536946,0.909863,-0.015292,0.538662,0.894665,-0.013395,0.587111,0.892362,-0.011654,0.560107,0.913831,-0.013696,0.551971,0.904368,-0.011341,0.553203,0.892469,-0.010044
560,18666,True,0.9986,0.9986,0.579886,0.797325,0.0,0.537795,0.786139,-0.018975,0.500207,0.812984,-0.028016,0.478864,0.858079,-0.031574,0.472433,0.89824,-0.034073,0.533553,0.858811,-0.040509,0.510516,0.92264,-0.049122,0.493361,0.937061,-0.050228,0.482611,0.937441,-0.049605,0.558229,0.879813,-0.03134,0.526143,0.920007,-0.036099,0.514676,0.908826,-0.032769,0.514799,0.892209,-0.031464,0.575653,0.889528,-0.021674,0.54405,0.921567,-0.023472,0.535668,0.910199,-0.017767,0.536956,0.895154,-0.015882,0.586921,0.894597,-0.013217,0.558844,0.914768,-0.015742,0.550592,0.904651,-0.013213,0.552046,0.892268,-0.011679
561,18700,True,0.9983,0.9983,0.580793,0.795719,0.0,0.538802,0.784585,-0.018307,0.501361,0.811242,-0.027033,0.479679,0.855848,-0.030429,0.471862,0.89569,-0.032837,0.533911,0.855755,-0.040073,0.511223,0.920954,-0.04836,0.494054,0.936875,-0.049122,0.482964,0.938708,-0.048174,0.558278,0.876909,-0.030988,0.526764,0.920659,-0.034825,0.514778,0.911279,-0.030781,0.514201,0.895382,-0.029041,0.575779,0.887004,-0.021342,0.544778,0.921602,-0.022468,0.536391,0.910405,-0.016462,0.537663,0.894993,-0.014349,0.587258,0.892277,-0.012842,0.560266,0.914223,-0.014897,0.551705,0.904435,-0.01222,0.55276,0.89189,-0.010568
562,18733,True,0.9975,0.9975,0.579553,0.796491,0.0,0.537852,0.785994,-0.018826,0.500935,0.812621,-0.027756,0.479743,0.857066,-0.031363,0.471167,0.896601,-0.033914,0.533907,0.859893,-0.039327,0.510164,0.923845,-0.047585,0.492647,0.937986,-0.048559,0.481598,0.938157,-0.047885,0.558542,0.880549,-0.030223,0.525951,0.920173,-0.034993,0.514783,0.907487,-0.031681,0.515643,0.889845,-0.030241,0.57616,0.889675,-0.020657,0.543912,0.921945,-0.022506,0.536044,0.909302,-0.016571,0.537978,0.89343,-0.014367,0.58765,0.894114,-0.01232,0.560032,0.914758,-0.014975,0.551762,0.904243,-0.012329,0.553264,0.891415,-0.010582
563,18766,True,0.9983,0.9983,0.580622,0.794708,0.0,0.539206,0.785086,-0.017987,0.502421,0.811336,-0.026416,0.480416,0.854459,-0.030055,0.473161,0.893434,-0.032418,0.534726,0.857361,-0.036429,0.511267,0.922285,-0.045095,0.494343,0.934182,-0.046596,0.484252,0.932258,-0.046118,0.558894,0.877222,-0.028033,0.527013,0.921251,-0.032995,0.515902,0.910364,-0.030374,0.51714,0.894059,-0.029226,0.576146,0.886957,-0.019344,0.544587,0.921724,-0.021496,0.537336,0.909168,-0.015946,0.540244,0.893489,-0.013641,0.587488,0.892199,-0.011885,0.55957,0.915414,-0.01478,0.552111,0.904672,-0.012142,0.554322,0.891284,-0.01015
564,18800,True,0.9983,0.9983,0.580453,0.793974,0.0,0.538048,0.785141,-0.018157,0.502665,0.810975,-0.026636,0.481379,0.854092,-0.030053,0.471397,0.892784,-0.032371,0.534538,0.859391,-0.037206,0.511293,0.920711,-0.044118,0.496762,0.93401,-0.0439,0.48781,0.934161,-0.042405,0.559228,0.878639,-0.027995,0.529001,0.920871,-0.030396,0.517717,0.91137,-0.026121,0.516695,0.895641,-0.024373,0.576955,0.886851,-0.018333,0.546732,0.920589,-0.018293,0.539077,0.909525,-0.012376,0.540186,0.894183,-0.010477,0.588515,0.890412,-0.009886,0.562788,0.912338,-0.011102,0.555088,0.902762,-0.008488,0.556128,0.890051,-0.006937
565,18833,True,0.9986,0.9986,0.5796,0.794558,0.0,0.537488,0.785875,-0.01804,0.502959,0.81072,-0.026895,0.481343,0.852641,-0.030839,0.471093,0.890963,-0.033654,0.534431,0.861012,-0.036822,0.510425,0.923699,-0.044109,0.49454,0.934366,-0.044386,0.484574,0.931798,-0.043125,0.559548,0.879717,-0.027679,0.528854,0.921278,-0.030072,0.517511,0.91077,-0.025921,0.516646,0.895109,-0.024258,0.577513,0.887271,-0.01814,0.547041,0.919442,-0.017653,0.539203,0.90789,-0.011586,0.540195,0.89282,-0.009742,0.589119,0.890027,-0.009889,0.563046,0.910827,-0.010814,0.555243,0.900651,-0.007912,0.556342,0.887813,-0.00612
566,18866,True,0.9986,0.9986,0.580056,0.793134,0.0,0.53787,0.78562,-0.017966,0.502291,0.811661,-0.026827,0.48062,0.853858,-0.030825,0.469801,0.892573,-0.033639,0.533305,0.858221,-0.036865,0.510645,0.922768,-0.044744,0.494559,0.935223,-0.045157,0.484793,0.933931,-0.043727,0.558207,0.876417,-0.027976,0.527824,0.922155,-0.0313,0.516352,0.913509,-0.027318,0.515867,0.898123,-0.025324,0.575969,0.885073,-0.018734,0.546139,0.919741,-0.019278,0.538659,0.908341,-0.01322,0.540256,0.892961,-0.010828,0.587547,0.889364,-0.010757,0.561318,0.911877,-0.012552,0.553937,0.901449,-0.009742,0.555225,0.888808,-0.007674
567,18900,True,0.9982,0.9982,0.580334,0.794924,0.0,0.537472,0.785071,-0.018429,0.500716,0.811617,-0.027212,0.479195,0.855831,-0.030771,0.469069,0.895397,-0.033059,0.533046,0.857695,-0.039315,0.50978,0.923893,-0.04732,0.49229,0.935366,-0.047566,0.481918,0.932863,-0.046058,0.558595,0.877183,-0.030234,0.525847,0.92409,-0.034705,0.513638,0.913699,-0.031005,0.514416,0.896298,-0.028945,0.576308,0.886516,-0.020581,0.543983,0.923356,-0.021839,0.535198,0.911158,-0.015676,0.537455,0.89472,-0.013026,0.587641,0.891177,-0.012148,0.559832,0.914935,-0.014399,0.551817,0.904574,-0.011649,0.553872,0.891544,-0.009595
568,18933,True,0.9982,0.9982,0.580087,0.795475,0.0,0.536708,0.785519,-0.018634,0.500935,0.811815,-0.027574,0.479472,0.856345,-0.031029,0.47059,0.896433,-0.033217,0.532922,0.860151,-0.040485,0.50831,0.926069,-0.048375,0.489537,0.937715,-0.048272,0.477909,0.935392,-0.046466,0.558198,0.880666,-0.030896,0.523972,0.924407,-0.034273,0.510782,0.914098,-0.029654,0.509973,0.897761,-0.027355,0.575775,0.889495,-0.020683,0.542848,0.924031,-0.021166,0.532885,0.912258,-0.014859,0.533336,0.896416,-0.012557,0.586769,0.893086,-0.011671,0.559154,0.914939,-0.013629,0.549978,0.904842,-0.010859,0.55059,0.891874,-0.008948
569,18966,True,0.9987,0.9987,0.579297,0.795438,0.0,0.535875,0.786255,-0.019358,0.500367,0.813167,-0.028715,0.478297,0.858228,-0.032666,0.468676,0.898833,-0.035427,0.532446,0.860303,-0.040316,0.508256,0.925685,-0.048601,0.490781,0.937857,-0.048962,0.479778,0.936241,-0.047477,0.557796,0.880294,-0.030662,0.525548,0.928581,-0.034462,0.511922,0.921287,-0.030626,0.509723,0.905977,-0.028738,0.575577,0.889762,-0.020495,0.544378,0.927821,-0.021408,0.533954,0.91777,-0.015933,0.533558,0.90245,-0.013966,0.58659,0.894436,-0.011603,0.559735,0.919036,-0.013924,0.550106,0.910604,-0.011764,0.549833,0.898358,-0.010184
570,19000,True,0.9988,0.9988,0.579914,0.795295,0.0,0.536169,0.786261,-0.018812,0.499972,0.813832,-0.027988,0.478043,0.859319,-0.031807,0.468811,0.900381,-0.034552,0.531631,0.859094,-0.040532,0.508055,0.92498,-0.04888,0.490542,0.937895,-0.049363,0.479309,0.937037,-0.04796,0.557142,0.878511,-0.031236,0.525722,0.927713,-0.034898,0.511922,0.922164,-0.031001,0.509082,0.907808,-0.029195,0.575264,0.887914,-0.021379,0.544928,0.926511,-0.022206,0.534047,0.917737,-0.016906,0.532724,0.903225,-0.015177,0.586704,0.892574,-0.012725,0.560555,0.917351,-0.014818,0.550696,0.909596,-0.01263,0.549831,0.898029,-0.011161
571,19033,True,0.9981,0.9981,0.579513,0.793406,0.0,0.536691,0.785908,-0.018049,0.50094,0.813106,-0.02652,0.479565,0.857905,-0.029856,0.470346,0.897933,-0.032154,0.532143,0.85964,-0.037693,0.508779,0.922952,-0.045435,0.491791,0.937231,-0.046027,0.480359,0.938584,-0.044878,0.557167,0.878825,-0.028623,0.526412,0.926023,-0.031546,0.512777,0.920648,-0.027806,0.508997,0.906545,-0.026222,0.574834,0.887354,-0.019072,0.545004,0.924459,-0.019323,0.534224,0.91654,-0.014041,0.532105,0.902529,-0.012396,0.585907,0.890916,-0.010721,0.560562,0.915435,-0.01216,0.550459,0.9086,-0.00968,0.548797,0.897557,-0.008075
572,19066,True,0.9984,0.9984,0.580571,0.794076,0.0,0.537663,0.785517,-0.017895,0.501049,0.812343,-0.026219,0.480118,0.856869,-0.029399,0.47169,0.896931,-0.031529,0.532692,0.857927,-0.038131,0.510021,0.922498,-0.045677,0.493011,0.937092,-0.046066,0.48175,0.938108,-0.04487,0.558116,0.877535,-0.029244,0.527215,0.92365,-0.032717,0.51474,0.91537,-0.028951,0.5134,0.898848,-0.027247,0.576304,0.886524,-0.019771,0.545995,0.922904,-0.020408,0.53693,0.912498,-0.014462,0.537467,0.896561,-0.012256,0.588143,0.89085,-0.011482,0.56249,0.915143,-0.013239,0.55385,0.906065,-0.010422,0.554459,0.893101,-0.0085
573,19100,True,0.9988,0.9988,0.580137,0.79417,0.0,0.5374,0.785464,-0.017886,0.501426,0.812393,-0.02618,0.480643,0.856729,-0.029308,0.471673,0.896283,-0.031381,0.533408,0.858048,-0.038505,0.509014,0.922147,-0.046016,0.491626,0.937402,-0.046249,0.48013,0.939775,-0.045038,0.558496,0.878409,-0.029552,0.526384,0.922779,-0.033326,0.514358,0.912681,-0.029426,0.513775,0.895871,-0.027557,0.576189,0.888126,-0.019968,0.544496,0.923486,-0.020817,0.535678,0.911903,-0.01462,0.53669,0.896063,-0.012203,0.587473,0.893215,-0.011578,0.560555,0.916874,-0.013552,0.551732,0.907305,-0.010725,0.552466,0.894625,-0.00877
574,19133,True,0.9991,0.9991,0.580584,0.79349,0.0,0.537137,0.784745,-0.017481,0.501424,0.811583,-0.025378,0.480344,0.855705,-0.028354,0.47124,0.895257,-0.030046,0.533433,0.85827,-0.03562,0.510612,0.922691,-0.042195,0.495355,0.934513,-0.041766,0.4863,0.932976,-0.040131,0.558676,0.878106,-0.026807,0.528128,0.922603,-0.029702,0.516725,0.912051,-0.025857,0.516848,0.895303,-0.024081,0.576807,0.887388,-0.017508,0.54655,0.922721,-0.017669,0.538374,0.91098,-0.011832,0.539904,0.895385,-0.00977,0.588583,0.892333,-0.009404,0.562309,0.916046,-0.011006,0.554413,0.905958,-0.008348,0.555748,0.892743,-0.006551
575,19166,True,0.9992,0.9992,0.580596,0.794669,0.0,0.537044,0.784843,-0.018213,0.500904,0.811812,-0.026419,0.480144,0.85701,-0.029457,0.470943,0.897099,-0.03127,0.533348,0.858554,-0.037637,0.509681,0.923542,-0.044748,0.493392,0.936173,-0.044559,0.483371,0.935344,-0.043037,0.55884,0.878983,-0.02848,0.527505,0.923958,-0.031831,0.515543,0.913923,-0.027967,0.515408,0.897157,-0.026183,0.57698,0.88861,-0.018794,0.545916,0.924551,-0.019369,0.537297,0.912918,-0.013518,0.53859,0.897198,-0.011398,0.588666,0.893937,-0.010329,0.562001,0.918303,-0.012308,0.553569,0.908403,-0.009767,0.55468,0.89517,-0.008009
576,19200,True,0.9984,0.9984,0.57996,0.795163,0.0,0.537259,0.78541,-0.018845,0.50094,0.811996,-0.027711,0.478779,0.856332,-0.031122,0.469295,0.896862,-0.033339,0.532761,0.859703,-0.039942,0.50684,0.925276,-0.04774,0.488325,0.938358,-0.047666,0.476787,0.937588,-0.045781,0.557416,0.88061,-0.030156,0.523102,0.92773,-0.033089,0.509756,0.918228,-0.028159,0.509255,0.901417,-0.025486,0.574821,0.88999,-0.019851,0.541466,0.926572,-0.020542,0.532154,0.913688,-0.014254,0.533579,0.896765,-0.011601,0.585795,0.89428,-0.010707,0.557143,0.917266,-0.012885,0.548194,0.906779,-0.010238,0.549398,0.893577,-0.00826
577,19233,True,0.9988,0.9988,0.580551,0.794303,0.0,0.537644,0.78611,-0.018852,0.501463,0.812937,-0.02723,0.478759,0.858324,-0.030555,0.46911,0.899253,-0.032573,0.533415,0.862914,-0.034798,0.508743,0.924698,-0.041431,0.491735,0.93635,-0.041078,0.480653,0.934568,-0.039108,0.557284,0.881506,-0.025044,0.525929,0.930709,-0.026771,0.509605,0.929594,-0.023221,0.502872,0.918389,-0.021591,0.574041,0.88994,-0.015076,0.543105,0.927455,-0.015018,0.530496,0.921274,-0.011278,0.526469,0.908346,-0.010378,0.584168,0.893819,-0.006306,0.557503,0.918704,-0.007509,0.546675,0.912099,-0.005796,0.544091,0.900315,-0.004538
578,19266,True,0.9982,0.9982,0.580874,0.793806,0.0,0.5374,0.785544,-0.019057,0.501256,0.812719,-0.02748,0.478308,0.8575,-0.031033,0.468334,0.898288,-0.033343,0.53496,0.863494,-0.033504,0.509252,0.924698,-0.040101,0.492178,0.936276,-0.040303,0.481193,0.934603,-0.038963,0.559255,0.881642,-0.023939,0.527446,0.928328,-0.025952,0.512307,0.925263,-0.022795,0.506768,0.913645,-0.021598,0.576217,0.889244,-0.014325,0.54462,0.925837,-0.014474,0.532696,0.918743,-0.010477,0.529217,0.905753,-0.00956,0.586494,0.892376,-0.006019,0.560086,0.916618,-0.007669,0.549422,0.909594,-0.006014,0.547042,0.897705,-0.00486
579,19300,True,0.9977,0.9977,0.579992,0.79474,0.0,0.53665,0.786854,-0.018813,0.500152,0.814196,-0.027559,0.478445,0.859659,-0.031209,0.471006,0.900889,-0.033524,0.534633,0.863153,-0.037942,0.509241,0.927173,-0.045879,0.491178,0.936364,-0.046224,0.480497,0.932313,-0.044813,0.559899,0.881172,-0.028816,0.526413,0.927705,-0.032889,0.513043,0.918359,-0.029571,0.512262,0.902397,-0.028025,0.577109,0.888501,-0.019283,0.544259,0.92495,-0.020807,0.534687,0.913294,-0.015247,0.535766,0.897135,-0.013036,0.587819,0.891256,-0.011002,0.55967,0.915368,-0.013561,0.551066,0.9054,-0.011039,0.552309,0.891906,-0.009138
580,19333,True,0.9982,0.9982,0.580236,0.795195,0.0,0.536492,0.786102,-0.020161,0.500311,0.813438,-0.029742,0.477865,0.858105,-0.033677,0.469716,0.89914,-0.036296,0.533923,0.860521,-0.041386,0.508806,0.926044,-0.049983,0.489048,0.93923,-0.050554,0.476039,0.93886,-0.049215,0.558861,0.880534,-0.031321,0.524951,0.927597,-0.035578,0.511041,0.918672,-0.031553,0.509653,0.902378,-0.029452,0.575972,0.889817,-0.020814,0.542733,0.926444,-0.022438,0.532529,0.914447,-0.01666,0.532828,0.897986,-0.014288,0.586468,0.893968,-0.011631,0.558015,0.917809,-0.014516,0.548715,0.907585,-0.012261,0.549166,0.893871,-0.010508
581,19366,True,0.9981,0.9981,0.580144,0.794852,0.0,0.536806,0.786537,-0.019986,0.500385,0.813874,-0.029172,0.478019,0.858723,-0.032853,0.470302,0.89976,-0.035215,0.534401,0.862272,-0.039855,0.509596,0.925465,-0.048212,0.491306,0.93809,-0.04873,0.479499,0.93693,-0.047293,0.558982,0.881289,-0.029811,0.526528,0.927668,-0.03348,0.511931,0.922173,-0.029799,0.508294,0.908472,-0.028086,0.575667,0.890159,-0.019439,0.543648,0.925954,-0.020904,0.532769,0.916739,-0.016102,0.531344,0.90218,-0.014399,0.585716,0.894233,-0.010356,0.558117,0.918015,-0.012937,0.54822,0.90953,-0.01104,0.547371,0.896785,-0.009563
582,19400,True,0.9981,0.9981,0.579752,0.794657,0.0,0.536398,0.786925,-0.019377,0.500639,0.814189,-0.028444,0.478917,0.858948,-0.032239,0.470499,0.899665,-0.034889,0.534595,0.863561,-0.038577,0.508852,0.925642,-0.046888,0.490429,0.937537,-0.047787,0.47825,0.936203,-0.046709,0.55931,0.881767,-0.028977,0.526742,0.928602,-0.032386,0.511477,0.923874,-0.028913,0.50678,0.910515,-0.027474,0.576432,0.889609,-0.01907,0.544647,0.926084,-0.020388,0.533086,0.917528,-0.015691,0.530763,0.903152,-0.014148,0.587065,0.892641,-0.010413,0.560456,0.917173,-0.012929,0.550143,0.909513,-0.010988,0.5486,0.897219,-0.00953
583,19433,True,0.9986,0.9986,0.579731,0.794967,0.0,0.536144,0.78678,-0.019265,0.500007,0.813794,-0.028169,0.478984,0.858581,-0.03196,0.470027,0.89946,-0.03444,0.533475,0.862196,-0.036968,0.508672,0.925921,-0.045342,0.490311,0.937142,-0.046299,0.478299,0.934923,-0.045281,0.558159,0.880956,-0.027599,0.525704,0.928024,-0.031725,0.511346,0.920582,-0.028725,0.508597,0.904899,-0.027281,0.575325,0.889298,-0.018035,0.543064,0.925987,-0.019988,0.532507,0.915586,-0.015324,0.531651,0.900064,-0.013502,0.586114,0.892917,-0.009731,0.558388,0.9175,-0.012804,0.54876,0.908511,-0.01099,0.548278,0.89539,-0.009434
584,19466,True,0.9989,0.9989,0.580183,0.795007,0.0,0.536523,0.785789,-0.020239,0.499598,0.813692,-0.028872,0.477734,0.859554,-0.032177,0.468935,0.901127,-0.034106,0.534046,0.862979,-0.036736,0.509245,0.925771,-0.044919,0.491037,0.937366,-0.046054,0.47905,0.935272,-0.045196,0.558722,0.881764,-0.026757,0.527306,0.930195,-0.030749,0.511229,0.927354,-0.028572,0.505544,0.914565,-0.027809,0.575547,0.89043,-0.016706,0.54461,0.928031,-0.018443,0.532062,0.920984,-0.015077,0.528445,0.907318,-0.014215,0.585755,0.89435,-0.007995,0.559262,0.919755,-0.010951,0.547938,0.913455,-0.009977,0.5451,0.901628,-0.009075
585,19500,True,0.9989,0.9989,0.580006,0.794461,0.0,0.536669,0.786426,-0.019703,0.500631,0.813183,-0.028725,0.479019,0.857957,-0.032424,0.47032,0.898883,-0.034983,0.534082,0.863521,-0.037353,0.509004,0.924961,-0.045764,0.490757,0.937665,-0.04714,0.477974,0.936846,-0.046401,0.558656,0.882009,-0.027568,0.527348,0.928953,-0.030994,0.51101,0.927336,-0.02829,0.503626,0.915631,-0.027395,0.575791,0.890143,-0.017625,0.545472,0.926618,-0.018771,0.532468,0.921058,-0.015165,0.527173,0.908339,-0.014417,0.586421,0.89331,-0.008984,0.561165,0.918396,-0.0114,0.549382,0.913196,-0.01014,0.545082,0.902349,-0.009171
586,19533,True,0.9986,0.9986,0.580141,0.795009,0.0,0.536272,0.786268,-0.020032,0.499489,0.813922,-0.028985,0.478319,0.859357,-0.032507,0.469616,0.900547,-0.034747,0.534336,0.863138,-0.038634,0.509038,0.926358,-0.047124,0.490177,0.937887,-0.048162,0.47781,0.935868,-0.047196,0.559365,0.882167,-0.028714,0.526498,0.928572,-0.032846,0.511488,0.921457,-0.029815,0.508217,0.905937,-0.028469,0.576587,0.890359,-0.018567,0.54447,0.926603,-0.020373,0.533229,0.916466,-0.015814,0.531927,0.900825,-0.01418,0.587264,0.893523,-0.009721,0.560237,0.917993,-0.012645,0.549856,0.909564,-0.010977,0.5489,0.896512,-0.009613
587,19566,True,0.9987,0.9987,0.579897,0.794863,0.0,0.536256,0.786641,-0.019725,0.499921,0.813751,-0.028802,0.47865,0.859203,-0.032573,0.469985,0.900245,-0.035081,0.533925,0.861862,-0.038278,0.509366,0.925509,-0.047181,0.491494,0.937534,-0.048559,0.479576,0.936112,-0.047779,0.559008,0.880932,-0.028664,0.527456,0.92937,-0.033,0.512706,0.923667,-0.03028,0.508806,0.90889,-0.029137,0.576454,0.889811,-0.01881,0.545526,0.928132,-0.020756,0.53442,0.919043,-0.016292,0.53272,0.903946,-0.014689,0.587326,0.894003,-0.010241,0.560741,0.920499,-0.013233,0.550531,0.912549,-0.011442,0.549279,0.899723,-0.009952
588,19600,True,0.9982,0.9982,0.57896,0.7951,0.0,0.53599,0.787377,-0.018773,0.500012,0.81445,-0.027697,0.478127,0.859477,-0.031597,0.471211,0.900786,-0.034424,0.533553,0.863849,-0.03737,0.508367,0.926265,-0.046083,0.489815,0.93792,-0.047555,0.477917,0.936627,-0.046938,0.558574,0.882594,-0.028354,0.526614,0.928578,-0.03271,0.513223,0.919698,-0.030019,0.511631,0.903978,-0.028944,0.57635,0.890493,-0.018989,0.545514,0.927285,-0.020871,0.535427,0.916349,-0.015886,0.535384,0.900332,-0.014018,0.587675,0.89356,-0.010818,0.561224,0.918678,-0.013543,0.551711,0.909476,-0.011191,0.551783,0.895789,-0.009405
589,19633,True,0.9987,0.9987,0.579609,0.796294,0.0,0.53713,0.787782,-0.0198,0.500593,0.813599,-0.029665,0.478185,0.857584,-0.034169,0.471239,0.898904,-0.037667,0.534136,0.862815,-0.040085,0.509286,0.926352,-0.049797,0.4898,0.940405,-0.052087,0.476375,0.940842,-0.051969,0.559241,0.882562,-0.030678,0.527436,0.929783,-0.035552,0.51318,0.922584,-0.03298,0.510096,0.907415,-0.032091,0.576981,0.89119,-0.020936,0.546192,0.929264,-0.023147,0.53518,0.919449,-0.018492,0.533951,0.903817,-0.016984,0.588285,0.89475,-0.012434,0.561999,0.920985,-0.015497,0.551745,0.911864,-0.013384,0.551173,0.897855,-0.011826
590,19666,True,0.9983,0.9983,0.579174,0.793765,0.0,0.537292,0.786935,-0.018759,0.501214,0.813089,-0.028026,0.479788,0.857273,-0.032193,0.472177,0.897915,-0.035377,0.533304,0.862546,-0.037593,0.508451,0.924894,-0.046805,0.489671,0.938601,-0.048914,0.476438,0.939377,-0.048783,0.558231,0.881629,-0.028758,0.526447,0.928081,-0.033065,0.512357,0.920841,-0.030318,0.508878,0.905831,-0.029319,0.576271,0.889809,-0.019643,0.545784,0.92698,-0.021538,0.535083,0.91699,-0.016571,0.533639,0.901418,-0.014828,0.588063,0.892772,-0.011739,0.562052,0.918283,-0.014543,0.55213,0.909288,-0.012071,0.551288,0.895902,-0.010203
591,19700,True,0.9975,0.9975,0.578873,0.79437,0.0,0.536286,0.787277,-0.018725,0.500613,0.81373,-0.027799,0.479207,0.8581,-0.0318,0.470789,0.898959,-0.034748,0.533209,0.862971,-0.03753,0.5085,0.9256,-0.046156,0.489624,0.938429,-0.047516,0.47682,0.938511,-0.046835,0.558143,0.882057,-0.028473,0.525838,0.926809,-0.032469,0.512455,0.917281,-0.029094,0.510571,0.901033,-0.027556,0.576101,0.889923,-0.019099,0.544708,0.924865,-0.020833,0.5349,0.912948,-0.015252,0.534795,0.896653,-0.013001,0.587831,0.892713,-0.010935,0.560889,0.915867,-0.013632,0.551473,0.905652,-0.010953,0.551461,0.892038,-0.008872
592,19733,True,0.9979,0.9979,0.578742,0.796062,0.0,0.535887,0.788539,-0.019049,0.499612,0.81471,-0.028604,0.478089,0.859225,-0.032875,0.470959,0.900311,-0.036233,0.533573,0.862899,-0.03993,0.508301,0.926643,-0.04965,0.488179,0.940876,-0.051861,0.474222,0.942365,-0.051725,0.55869,0.88244,-0.031011,0.524605,0.929693,-0.036489,0.510313,0.920763,-0.033857,0.508319,0.904343,-0.032637,0.576521,0.890803,-0.021621,0.544135,0.928822,-0.024295,0.53328,0.917452,-0.01894,0.533049,0.900601,-0.016657,0.588132,0.894036,-0.013416,0.560902,0.919908,-0.01679,0.550978,0.910069,-0.014207,0.55096,0.895886,-0.012114
593,19766,True,0.9984,0.9984,0.579247,0.795411,0.0,0.536533,0.787734,-0.019235,0.500579,0.813833,-0.02893,0.479259,0.858325,-0.033386,0.471333,0.899451,-0.036792,0.533771,0.862648,-0.038855,0.508563,0.926767,-0.048273,0.489108,0.940723,-0.050205,0.475806,0.941524,-0.049871,0.558997,0.882306,-0.029899,0.525147,0.929003,-0.035048,0.510905,0.920475,-0.032251,0.508698,0.904416,-0.030932,0.576861,0.890967,-0.020627,0.544595,0.928811,-0.023143,0.533646,0.917864,-0.01802,0.533023,0.901658,-0.015972,0.588251,0.894725,-0.012583,0.561105,0.920689,-0.016008,0.551005,0.911207,-0.013686,0.550636,0.89756,-0.011788
594,19800,True,0.9985,0.9985,0.578608,0.796128,0.0,0.536036,0.788506,-0.019194,0.500628,0.814091,-0.028857,0.479337,0.85824,-0.033136,0.47103,0.898574,-0.03619,0.533926,0.861643,-0.03988,0.507812,0.926847,-0.049173,0.488126,0.939855,-0.050329,0.474946,0.93911,-0.049175,0.558439,0.881573,-0.030508,0.524213,0.93025,-0.03496,0.508523,0.924304,-0.031493,0.504182,0.909769,-0.029734,0.57569,0.89103,-0.020745,0.542776,0.929496,-0.02268,0.530832,0.919859,-0.017592,0.528439,0.904673,-0.015607,0.586429,0.895367,-0.012185,0.558365,0.921427,-0.015244,0.547153,0.913323,-0.013097,0.545012,0.90084,-0.011313
595,19833,True,0.9986,0.9986,0.579248,0.795721,0.0,0.536685,0.787293,-0.019023,0.500585,0.813796,-0.028494,0.479068,0.858248,-0.032746,0.470965,0.898831,-0.035741,0.534249,0.861695,-0.038476,0.508779,0.926648,-0.047692,0.489269,0.939412,-0.049405,0.476572,0.939044,-0.048992,0.559351,0.881619,-0.029591,0.525177,0.928171,-0.035023,0.511846,0.917604,-0.032232,0.511476,0.900769,-0.030844,0.576913,0.8908,-0.020356,0.544171,0.928861,-0.022977,0.53406,0.916589,-0.017349,0.534831,0.900112,-0.01492,0.587933,0.895128,-0.012355,0.560031,0.921216,-0.015803,0.550734,0.91071,-0.013185,0.551575,0.896662,-0.011082
596,19866,True,0.9984,0.9984,0.578921,0.796468,0.0,0.535683,0.787566,-0.019288,0.499925,0.814329,-0.028587,0.479069,0.858714,-0.032418,0.471229,0.898934,-0.034836,0.534345,0.860645,-0.039869,0.509113,0.926869,-0.0491,0.488983,0.93928,-0.050274,0.476286,0.937573,-0.049251,0.559225,0.881215,-0.030569,0.524449,0.929045,-0.036003,0.510372,0.918729,-0.03276,0.509768,0.901106,-0.030883,0.576406,0.890901,-0.020852,0.542915,0.928786,-0.023338,0.532472,0.916007,-0.017462,0.533151,0.899107,-0.014763,0.587143,0.895221,-0.012391,0.5583,0.919726,-0.015828,0.548692,0.909321,-0.013384,0.549239,0.895884,-0.01133
597,19900,True,0.9986,0.9986,0.579203,0.796481,0.0,0.536298,0.787071,-0.02046,0.500178,0.814285,-0.030442,0.478407,0.858955,-0.034745,0.470349,0.900097,-0.037732,0.535061,0.861371,-0.041873,0.509034,0.927452,-0.051705,0.488399,0.940286,-0.053091,0.474889,0.938978,-0.052139,0.560217,0.882142,-0.031996,0.52465,0.928427,-0.037353,0.510353,0.918338,-0.033553,0.509101,0.901928,-0.031422,0.577554,0.891784,-0.021795,0.543406,0.927805,-0.024306,0.533496,0.9146,-0.018041,0.534343,0.897836,-0.015168,0.58828,0.896076,-0.012953,0.558858,0.919393,-0.016522,0.549474,0.908089,-0.013917,0.550427,0.894116,-0.011701
598,19933,True,0.9989,0.9989,0.579798,0.796664,0.0,0.536592,0.787548,-0.019906,0.500152,0.815052,-0.029124,0.479081,0.860032,-0.032993,0.473509,0.90051,-0.035578,0.534845,0.862387,-0.038769,0.510225,0.926493,-0.048121,0.491432,0.939033,-0.04986,0.479757,0.93688,-0.049277,0.560456,0.881725,-0.029274,0.528867,0.929258,-0.034419,0.515392,0.922081,-0.031833,0.513966,0.907155,-0.030627,0.5781,0.891139,-0.019553,0.547329,0.928518,-0.021894,0.538028,0.917743,-0.016836,0.538762,0.902363,-0.014832,0.589125,0.895903,-0.011184,0.562043,0.921096,-0.014536,0.553707,0.911137,-0.012437,0.554788,0.897548,-0.010682
599,19966,True,0.9979,0.9979,0.578653,0.796236,0.0,0.535153,0.786686,-0.020911,0.498477,0.815189,-0.031422,0.477277,0.861162,-0.035798,0.471116,0.902778,-0.038722,0.534086,0.86096,-0.04527,0.508069,0.929028,-0.055162,0.486389,0.943515,-0.05588,0.473054,0.941016,-0.054118,0.56021,0.881896,-0.034955,0.523391,0.928275,-0.040651,0.509134,0.918039,-0.035907,0.509096,0.900467,-0.032899,0.577555,0.891631,-0.024139,0.542252,0.927974,-0.026621,0.531759,0.914694,-0.019843,0.533093,0.897148,-0.016697,0.587855,0.896036,-0.014641,0.557196,0.91822,-0.018126,0.547374,0.907192,-0.015432,0.548282,0.893684,-0.013222
600,20000,True,0.9989,0.9989,0.580017,0.796965,0.0,0.536735,0.787523,-0.019148,0.501145,0.813441,-0.028416,0.479123,0.85694,-0.032489,0.470539,0.897091,-0.035015,0.534371,0.858807,-0.03893,0.509148,0.927173,-0.047981,0.489627,0.938116,-0.049053,0.477786,0.935006,-0.048027,0.559606,0.879222,-0.029837,0.525367,0.92807,-0.035526,0.512893,0.916497,-0.032534,0.514276,0.898689,-0.030796,0.577158,0.889436,-0.020349,0.543996,0.927466,-0.022466,0.535323,0.91348,-0.015997,0.538075,0.896344,-0.012976,0.588153,0.89477,-0.012245,0.55968,0.919948,-0.015402,0.551967,0.908228,-0.012523,0.554314,0.894189,-0.010167
601,20033,True,0.9991,0.9991,0.579666,0.795991,0.0,0.53583,0.78652,-0.018743,0.499271,0.814155,-0.027584,0.478146,0.860245,-0.031075,0.469961,0.901578,-0.03317,0.5337,0.859965,-0.039045,0.509471,0.926912,-0.047234,0.492204,0.936365,-0.047498,0.482549,0.931439,-0.045924,0.55943,0.879812,-0.029564,0.526807,0.92653,-0.033633,0.515108,0.91532,-0.029932,0.516229,0.89864,-0.028134,0.577304,0.889253,-0.019549,0.545857,0.925622,-0.020439,0.537916,0.912501,-0.014006,0.540672,0.896217,-0.011466,0.588682,0.894,-0.01078,0.561285,0.917399,-0.012931,0.553856,0.905753,-0.009924,0.556413,0.892024,-0.007752
602,20066,True,0.9989,0.9989,0.579777,0.797034,0.0,0.535773,0.787193,-0.019022,0.499376,0.815073,-0.027432,0.478198,0.861202,-0.030516,0.471241,0.902314,-0.03217,0.534111,0.861836,-0.038093,0.509991,0.926967,-0.046236,0.492593,0.936689,-0.04689,0.482674,0.932992,-0.045798,0.559571,0.881671,-0.028679,0.526823,0.927181,-0.033303,0.51486,0.915709,-0.030341,0.515842,0.899062,-0.028982,0.576942,0.890933,-0.018817,0.54509,0.926774,-0.020396,0.536685,0.91374,-0.014415,0.53898,0.897561,-0.011997,0.587796,0.895517,-0.010248,0.559796,0.919017,-0.013053,0.552168,0.907475,-0.010384,0.554292,0.89347,-0.008362
603,20100,True,0.9989,0.9989,0.580401,0.796592,0.0,0.536649,0.786432,-0.018179,0.499948,0.814491,-0.026861,0.478564,0.86009,-0.030336,0.473387,0.90062,-0.032501,0.534243,0.86051,-0.038802,0.509512,0.927275,-0.047432,0.49114,0.938909,-0.048516,0.480703,0.936025,-0.047526,0.559846,0.880144,-0.029813,0.526261,0.927311,-0.03455,0.514245,0.916296,-0.031115,0.515866,0.899483,-0.02929,0.577399,0.889224,-0.020242,0.545244,0.925688,-0.021728,0.536845,0.9125,-0.015267,0.539955,0.895864,-0.012539,0.588357,0.893327,-0.011871,0.559967,0.916107,-0.014204,0.552601,0.904263,-0.010958,0.555707,0.890351,-0.008625
604,20133,True,0.9989,0.9989,0.580375,0.796133,0.0,0.536907,0.786696,-0.0182,0.499967,0.813553,-0.027059,0.478705,0.859304,-0.030723,0.471887,0.900454,-0.033232,0.533538,0.860039,-0.038876,0.509175,0.926379,-0.047407,0.491406,0.940663,-0.048533,0.480562,0.941012,-0.047676,0.55923,0.880233,-0.029821,0.526838,0.928517,-0.034237,0.514751,0.918368,-0.030909,0.515346,0.901011,-0.029225,0.577061,0.889641,-0.020151,0.545626,0.926868,-0.021337,0.537465,0.914603,-0.015117,0.540012,0.89806,-0.01257,0.588238,0.893987,-0.011643,0.560863,0.917586,-0.01342,0.553427,0.906748,-0.010198,0.555969,0.893318,-0.007968
605,20166,True,0.9986,0.9986,0.580793,0.794856,0.0,0.537991,0.786762,-0.017573,0.500683,0.813401,-0.02579,0.479494,0.858789,-0.029102,0.47373,0.899711,-0.03127,0.533308,0.859948,-0.036007,0.512228,0.923298,-0.044055,0.496673,0.937322,-0.045144,0.486827,0.936896,-0.044325,0.558758,0.879541,-0.027335,0.530217,0.925855,-0.030835,0.51825,0.917233,-0.027731,0.516871,0.900907,-0.026526,0.577007,0.888457,-0.01825,0.548495,0.924603,-0.018859,0.540251,0.914281,-0.013277,0.540985,0.898672,-0.011353,0.588863,0.892437,-0.010316,0.563595,0.915816,-0.011392,0.555716,0.906371,-0.008375,0.556857,0.893286,-0.006473
606,20200,True,0.9989,0.9989,0.581002,0.795686,0.0,0.538324,0.786068,-0.018391,0.501323,0.81317,-0.026721,0.479597,0.858364,-0.029974,0.472569,0.899062,-0.032055,0.535534,0.86158,-0.036694,0.512724,0.923903,-0.044646,0.496872,0.934913,-0.045779,0.487861,0.931978,-0.045047,0.560744,0.881219,-0.027604,0.531018,0.924137,-0.031296,0.519572,0.914467,-0.02864,0.519678,0.898711,-0.02781,0.578527,0.889774,-0.018144,0.548697,0.923105,-0.018916,0.541025,0.911947,-0.013815,0.542786,0.896856,-0.01225,0.589909,0.893723,-0.009898,0.563904,0.916398,-0.011335,0.556659,0.906224,-0.008693,0.558554,0.892901,-0.00704
607,20233,True,0.9984,0.9984,0.580785,0.797754,0.0,0.537347,0.786856,-0.02005,0.500678,0.813306,-0.029608,0.479511,0.857879,-0.033662,0.472961,0.899296,-0.036425,0.535069,0.860092,-0.041121,0.509877,0.927916,-0.050863,0.489314,0.940514,-0.052775,0.47695,0.93859,-0.052223,0.560995,0.880482,-0.031542,0.526335,0.927385,-0.037732,0.513978,0.915715,-0.034857,0.516291,0.897858,-0.03303,0.578843,0.889792,-0.021562,0.545029,0.925817,-0.023992,0.536649,0.912031,-0.017623,0.540059,0.895155,-0.014555,0.590024,0.894077,-0.012969,0.561417,0.917268,-0.016159,0.553459,0.90561,-0.01318,0.556323,0.891677,-0.010695
608,20266,True,0.9991,0.9991,0.581852,0.798392,0.0,0.5372,0.786495,-0.020696,0.49941,0.813627,-0.030666,0.476364,0.858672,-0.034761,0.46701,0.901041,-0.037578,0.534691,0.858546,-0.043212,0.508787,0.928747,-0.053312,0.486419,0.945431,-0.055004,0.471059,0.947653,-0.054269,0.560561,0.881192,-0.033221,0.523376,0.932777,-0.039625,0.507197,0.923831,-0.036347,0.505431,0.906766,-0.034203,0.577772,0.89219,-0.022786,0.54226,0.933252,-0.025529,0.52939,0.921226,-0.01948,0.528877,0.904174,-0.016564,0.587689,0.897733,-0.013709,0.557858,0.924577,-0.017499,0.546151,0.914676,-0.015201,0.545711,0.901039,-0.013149
609,20300,True,0.9989,0.9989,0.581605,0.797615,0.0,0.537426,0.786808,-0.019606,0.499798,0.814215,-0.02916,0.477576,0.860601,-0.033162,0.471308,0.902548,-0.036013,0.534284,0.860656,-0.041382,0.508522,0.927581,-0.051008,0.488151,0.942283,-0.052764,0.474875,0.943412,-0.052237,0.559901,0.882378,-0.031843,0.525086,0.931448,-0.037193,0.510776,0.92211,-0.034154,0.509826,0.905468,-0.032595,0.577669,0.89247,-0.021751,0.544175,0.931044,-0.023621,0.533523,0.919149,-0.017632,0.534537,0.902672,-0.015115,0.58855,0.897201,-0.012916,0.559906,0.922387,-0.015359,0.55023,0.91193,-0.012368,0.551722,0.897872,-0.010161
610,20333,True,0.9986,0.9986,0.581124,0.797393,0.0,0.537337,0.78686,-0.019242,0.499449,0.814363,-0.02864,0.476974,0.860281,-0.032567,0.470164,0.902511,-0.035431,0.533285,0.859685,-0.041086,0.508842,0.926601,-0.050568,0.489012,0.943134,-0.052423,0.476073,0.945228,-0.051967,0.558624,0.881044,-0.031726,0.525098,0.931635,-0.036837,0.510603,0.923321,-0.033801,0.509379,0.906151,-0.032202,0.576414,0.891149,-0.021814,0.543982,0.931027,-0.02364,0.53296,0.91991,-0.017913,0.53343,0.903488,-0.015542,0.587639,0.895939,-0.01309,0.559703,0.921815,-0.015463,0.550044,0.912142,-0.012643,0.551203,0.898625,-0.010638
611,20366,True,0.9987,0.9987,0.580997,0.79591,0.0,0.537419,0.786675,-0.018866,0.500403,0.814004,-0.02758,0.478209,0.859834,-0.031145,0.470903,0.901679,-0.033649,0.533765,0.86221,-0.037316,0.509745,0.924561,-0.04509,0.492496,0.93853,-0.045802,0.481202,0.937991,-0.044635,0.558993,0.882332,-0.027775,0.527928,0.928917,-0.0305,0.513907,0.92317,-0.027024,0.510419,0.908612,-0.025609,0.576712,0.891216,-0.017889,0.546211,0.927926,-0.018239,0.535876,0.918785,-0.013413,0.534907,0.904065,-0.011993,0.587669,0.895161,-0.009186,0.561371,0.919715,-0.010393,0.552034,0.911189,-0.007969,0.551918,0.898302,-0.006445
612,20400,True,0.9971,0.9971,0.579612,0.796106,0.0,0.537002,0.786195,-0.018429,0.500577,0.813613,-0.026941,0.479251,0.858535,-0.030312,0.47099,0.898754,-0.032327,0.534504,0.861793,-0.038057,0.509658,0.926768,-0.046206,0.490843,0.937857,-0.046603,0.479333,0.935526,-0.045335,0.559356,0.881827,-0.029171,0.524009,0.925411,-0.033961,0.511608,0.911691,-0.03039,0.512797,0.893652,-0.028575,0.576534,0.890472,-0.019842,0.541157,0.92618,-0.021931,0.532129,0.911972,-0.015302,0.534386,0.895238,-0.012352,0.587473,0.894305,-0.011746,0.556497,0.917876,-0.014741,0.547874,0.906418,-0.011696,0.549804,0.892843,-0.009468
613,20433,True,0.9983,0.9983,0.579968,0.796358,0.0,0.537102,0.786067,-0.019454,0.501083,0.81298,-0.028392,0.479761,0.857416,-0.032211,0.471507,0.898414,-0.034585,0.534184,0.861881,-0.03809,0.509474,0.927404,-0.04691,0.490502,0.939151,-0.047911,0.478946,0.937448,-0.04704,0.559098,0.881544,-0.029061,0.524894,0.927115,-0.034793,0.512877,0.914261,-0.031943,0.514834,0.896311,-0.030355,0.576225,0.890339,-0.019764,0.542164,0.926471,-0.022576,0.534094,0.912089,-0.016277,0.53747,0.89527,-0.013247,0.587158,0.894247,-0.011824,0.557404,0.918266,-0.015438,0.549849,0.906118,-0.012624,0.552785,0.892,-0.010326
614,20466,True,0.9985,0.9985,0.58068,0.797468,0.0,0.536241,0.786209,-0.021155,0.498829,0.814868,-0.030832,0.476217,0.860193,-0.034617,0.468348,0.901983,-0.037044,0.534234,0.860623,-0.043052,0.508085,0.927689,-0.052573,0.486871,0.943616,-0.053786,0.47257,0.946291,-0.053021,0.559704,0.881884,-0.032889,0.522981,0.929288,-0.039191,0.508942,0.917844,-0.035836,0.508754,0.900372,-0.033832,0.576522,0.892175,-0.022292,0.540063,0.929701,-0.025178,0.529753,0.916365,-0.018591,0.53132,0.899773,-0.015425,0.586406,0.897297,-0.013164,0.554863,0.921551,-0.016961,0.545003,0.91054,-0.014431,0.546172,0.896998,-0.012363
615,20500,True,0.9986,0.9986,0.58111,0.796671,0.0,0.536652,0.786548,-0.021455,0.499264,0.81529,-0.031573,0.476033,0.860468,-0.036106,0.468543,0.902893,-0.039303,0.535428,0.864026,-0.041272,0.508089,0.927912,-0.05102,0.486583,0.943649,-0.052546,0.471951,0.94581,-0.051776,0.560124,0.883842,-0.03113,0.523141,0.932301,-0.036919,0.506898,0.925546,-0.033729,0.503369,0.911074,-0.031742,0.576674,0.893347,-0.020794,0.540006,0.93023,-0.023726,0.528208,0.91962,-0.018045,0.527628,0.904401,-0.015312,0.586372,0.89802,-0.011955,0.554441,0.92177,-0.015548,0.543722,0.911626,-0.013211,0.543944,0.8981,-0.011157
616,20533,True,0.9988,0.9988,0.581167,0.797288,0.0,0.536469,0.786321,-0.022287,0.499798,0.815009,-0.033627,0.476389,0.859625,-0.038726,0.466328,0.901024,-0.042421,0.535296,0.861674,-0.046833,0.507891,0.929261,-0.057302,0.485522,0.944294,-0.058273,0.470313,0.945529,-0.056916,0.55992,0.883142,-0.03594,0.521484,0.931928,-0.041711,0.50506,0.923442,-0.03698,0.501684,0.908272,-0.034113,0.576394,0.893535,-0.024625,0.538205,0.931061,-0.027288,0.525428,0.91967,-0.020825,0.52406,0.903998,-0.017922,0.585941,0.898358,-0.014774,0.553417,0.921291,-0.018399,0.541248,0.91105,-0.016037,0.540314,0.897856,-0.014121
617,20566,True,0.9987,0.9987,0.58152,0.795712,0.0,0.536908,0.785853,-0.021813,0.501099,0.813974,-0.032696,0.477733,0.858712,-0.037722,0.467067,0.899561,-0.041351,0.535476,0.862652,-0.043218,0.508913,0.928317,-0.052819,0.488766,0.941303,-0.053716,0.475958,0.940136,-0.052438,0.560242,0.883487,-0.032507,0.524759,0.930891,-0.037121,0.50984,0.92243,-0.032881,0.50722,0.907565,-0.030633,0.577347,0.893176,-0.021526,0.542419,0.930208,-0.023327,0.531388,0.91873,-0.017281,0.531236,0.902848,-0.014852,0.587679,0.897447,-0.012028,0.557676,0.920622,-0.015136,0.54752,0.910064,-0.012839,0.547851,0.896174,-0.011041
618,20600,True,0.9986,0.9986,0.581922,0.795584,0.0,0.537743,0.785928,-0.020405,0.500912,0.814057,-0.029661,0.477419,0.858651,-0.033581,0.467833,0.900061,-0.036176,0.534311,0.862064,-0.03777,0.510532,0.926477,-0.045991,0.491559,0.939986,-0.046864,0.479306,0.939268,-0.045839,0.558775,0.882389,-0.027687,0.526898,0.929666,-0.03155,0.513122,0.921515,-0.028358,0.511289,0.905788,-0.026835,0.576218,0.891868,-0.017489,0.544165,0.928682,-0.018787,0.534239,0.917637,-0.013746,0.534444,0.902079,-0.011893,0.587238,0.89646,-0.008692,0.559426,0.920468,-0.011145,0.549872,0.910917,-0.00919,0.55018,0.897468,-0.007728
619,20633,True,0.999,0.999,0.581883,0.796312,0.0,0.537554,0.786382,-0.020591,0.50123,0.814366,-0.029687,0.477691,0.859149,-0.033172,0.467704,0.900191,-0.035284,0.535798,0.864208,-0.039131,0.509742,0.927873,-0.047424,0.490709,0.939314,-0.048137,0.478563,0.937163,-0.046875,0.560507,0.884373,-0.028542,0.526907,0.930903,-0.031644,0.511488,0.924493,-0.027952,0.507198,0.910645,-0.026406,0.577621,0.893317,-0.017782,0.544625,0.929645,-0.018493,0.53283,0.920311,-0.013724,0.53065,0.905899,-0.012342,0.587917,0.897311,-0.008411,0.560099,0.921109,-0.010658,0.549409,0.912634,-0.00897,0.548155,0.899984,-0.007779
620,20666,True,0.999,0.999,0.581633,0.794527,0.0,0.537245,0.785128,-0.019227,0.50054,0.813725,-0.027897,0.477721,0.858739,-0.031603,0.468646,0.90043,-0.034102,0.534438,0.861105,-0.035562,0.511008,0.925372,-0.043683,0.492678,0.939332,-0.045134,0.480967,0.939684,-0.0447,0.559498,0.880569,-0.026301,0.528538,0.92779,-0.031017,0.516322,0.917713,-0.028761,0.516755,0.900428,-0.027652,0.577334,0.88972,-0.016865,0.54621,0.926652,-0.018543,0.538005,0.9145,-0.013416,0.540266,0.898328,-0.011326,0.588609,0.894495,-0.008774,0.56117,0.918464,-0.011124,0.553348,0.907804,-0.008842,0.555447,0.893909,-0.007123
621,20700,True,0.9984,0.9984,0.581472,0.795761,0.0,0.537937,0.785651,-0.019291,0.501482,0.813405,-0.027946,0.479231,0.858158,-0.031247,0.469345,0.897987,-0.033177,0.535427,0.862698,-0.038539,0.510724,0.926741,-0.046345,0.492782,0.937825,-0.046453,0.481988,0.935153,-0.04487,0.560133,0.882834,-0.028664,0.527104,0.926703,-0.032093,0.514327,0.916326,-0.028188,0.513815,0.900171,-0.026363,0.577113,0.891515,-0.018419,0.544191,0.926068,-0.019378,0.535062,0.914086,-0.013757,0.536195,0.898462,-0.011703,0.587701,0.895495,-0.009438,0.559258,0.918075,-0.011496,0.550569,0.907408,-0.009049,0.551948,0.893852,-0.007345
622,20733,True,0.9986,0.9986,0.581606,0.794932,0.0,0.537463,0.784644,-0.018943,0.500517,0.813774,-0.027329,0.478731,0.859655,-0.030481,0.469341,0.900193,-0.032305,0.534965,0.859453,-0.037814,0.5103,0.925796,-0.045693,0.491307,0.938969,-0.046193,0.479494,0.938563,-0.045098,0.560201,0.879637,-0.028489,0.52661,0.925813,-0.033188,0.514416,0.914332,-0.02997,0.515541,0.897241,-0.028265,0.577497,0.889323,-0.018732,0.544266,0.925691,-0.020164,0.535833,0.912586,-0.013897,0.538409,0.896446,-0.011246,0.58812,0.894406,-0.01032,0.558897,0.917428,-0.012777,0.551153,0.906129,-0.01,0.55349,0.892803,-0.007958
623,20766,True,0.9982,0.9982,0.580847,0.795035,0.0,0.537574,0.78553,-0.019347,0.501048,0.81328,-0.028281,0.479196,0.857901,-0.031698,0.470049,0.898068,-0.033725,0.535492,0.859385,-0.040303,0.510083,0.926527,-0.048406,0.49063,0.939404,-0.048624,0.478531,0.938914,-0.047193,0.560525,0.879813,-0.030605,0.525881,0.926615,-0.035116,0.513312,0.91453,-0.031106,0.514322,0.89691,-0.028934,0.577593,0.889636,-0.020367,0.543309,0.9269,-0.021585,0.53445,0.913199,-0.014737,0.536835,0.896528,-0.011771,0.587962,0.894761,-0.011492,0.558348,0.918408,-0.013965,0.550029,0.906911,-0.011031,0.552092,0.893444,-0.008894
624,20800,True,0.9976,0.9976,0.579893,0.795523,0.0,0.535979,0.787487,-0.017719,0.499431,0.815877,-0.02566,0.478349,0.861158,-0.028708,0.470261,0.90191,-0.030617,0.533079,0.863968,-0.034923,0.508173,0.927926,-0.042009,0.489791,0.940687,-0.04251,0.47837,0.940898,-0.041563,0.558188,0.882748,-0.026211,0.52428,0.927306,-0.030539,0.512974,0.9137,-0.027463,0.515195,0.895315,-0.025768,0.575977,0.890824,-0.017046,0.543017,0.926722,-0.018545,0.535258,0.91227,-0.012146,0.538577,0.895211,-0.009234,0.587631,0.894263,-0.009094,0.558972,0.917484,-0.011571,0.551638,0.905911,-0.008452,0.554266,0.892432,-0.006099
625,20833,True,0.9978,0.9978,0.580574,0.796159,0.0,0.536355,0.786748,-0.020146,0.498923,0.816082,-0.029566,0.475848,0.860947,-0.033156,0.467687,0.901822,-0.035649,0.534298,0.862737,-0.04245,0.506916,0.92741,-0.051318,0.485177,0.945096,-0.052478,0.470316,0.950889,-0.051932,0.559493,0.883519,-0.032522,0.522789,0.928693,-0.038646,0.510552,0.913999,-0.035098,0.512658,0.894839,-0.0329,0.576561,0.893266,-0.021921,0.54081,0.929165,-0.024582,0.532575,0.913292,-0.017268,0.536527,0.895406,-0.013595,0.587045,0.897593,-0.01268,0.556362,0.921115,-0.016005,0.548292,0.908284,-0.012702,0.551379,0.893817,-0.010159
626,20866,True,0.9979,0.9979,0.580542,0.795122,0.0,0.5367,0.786168,-0.019951,0.499302,0.81547,-0.029492,0.476765,0.861112,-0.033327,0.469428,0.902065,-0.035893,0.535148,0.862878,-0.041789,0.50894,0.927724,-0.050608,0.488729,0.942209,-0.051432,0.475302,0.943337,-0.050382,0.559783,0.882831,-0.03185,0.523384,0.927937,-0.036873,0.509797,0.916913,-0.033036,0.509285,0.900195,-0.030916,0.576426,0.892025,-0.021356,0.541248,0.927294,-0.023332,0.531695,0.914313,-0.016949,0.533147,0.898129,-0.01416,0.58662,0.896062,-0.012188,0.556197,0.918475,-0.014946,0.547201,0.90733,-0.012108,0.548463,0.893807,-0.010018
627,20900,True,0.9978,0.9978,0.580447,0.79469,0.0,0.536537,0.785817,-0.01929,0.499734,0.814319,-0.028539,0.477013,0.85879,-0.032358,0.46887,0.899504,-0.035006,0.534162,0.861332,-0.039717,0.509157,0.926347,-0.048042,0.489747,0.941817,-0.048897,0.476714,0.943739,-0.047974,0.558846,0.881187,-0.030134,0.524251,0.926522,-0.034462,0.510792,0.9167,-0.030698,0.50966,0.900566,-0.028823,0.57602,0.890486,-0.020095,0.54228,0.926204,-0.021472,0.532515,0.914404,-0.015336,0.533276,0.898734,-0.012918,0.586737,0.894843,-0.011372,0.557615,0.917752,-0.013761,0.548523,0.907655,-0.011043,0.549191,0.894651,-0.009148
628,20933,True,0.9982,0.9982,0.581138,0.793867,0.0,0.537182,0.78644,-0.018359,0.500792,0.814572,-0.026842,0.478637,0.859436,-0.03014,0.471391,0.89972,-0.032138,0.535616,0.862569,-0.037125,0.510727,0.925852,-0.044275,0.493359,0.937864,-0.044266,0.482638,0.936521,-0.042778,0.56016,0.881499,-0.027772,0.527149,0.925732,-0.031,0.51439,0.916844,-0.027417,0.513164,0.901607,-0.025797,0.577154,0.890062,-0.017914,0.545103,0.924606,-0.018381,0.535882,0.913714,-0.012837,0.536418,0.89873,-0.010933,0.587687,0.894014,-0.009301,0.559992,0.916323,-0.010973,0.551409,0.906723,-0.008458,0.551952,0.893949,-0.006742
629,20966,True,0.9978,0.9978,0.580659,0.794133,0.0,0.536849,0.786498,-0.017675,0.501009,0.814017,-0.026124,0.479161,0.858168,-0.029479,0.472015,0.898377,-0.03159,0.534785,0.862117,-0.037201,0.510063,0.926088,-0.044466,0.491799,0.938557,-0.044506,0.48036,0.938181,-0.043073,0.559772,0.881879,-0.028277,0.525472,0.925172,-0.032056,0.513713,0.912009,-0.028188,0.515177,0.894115,-0.026133,0.577437,0.890503,-0.018724,0.54414,0.924465,-0.019505,0.535804,0.910307,-0.012781,0.538567,0.893308,-0.009893,0.588897,0.894131,-0.01036,0.560494,0.915571,-0.01211,0.552545,0.903838,-0.008735,0.55482,0.889942,-0.006288
630,21000,True,0.9985,0.9985,0.580573,0.794236,0.0,0.536836,0.785897,-0.017769,0.501379,0.813709,-0.026135,0.479291,0.858225,-0.029269,0.471116,0.898267,-0.031184,0.534296,0.859937,-0.038105,0.509436,0.926064,-0.045035,0.49102,0.939404,-0.044461,0.479212,0.940143,-0.042588,0.558747,0.880469,-0.02891,0.524268,0.927836,-0.031785,0.510566,0.917288,-0.027121,0.509708,0.900286,-0.02464,0.576189,0.890017,-0.019083,0.542931,0.926836,-0.019238,0.532888,0.914109,-0.012917,0.533509,0.897899,-0.010471,0.58728,0.89455,-0.010429,0.558976,0.917301,-0.012059,0.549575,0.906959,-0.009348,0.549981,0.893953,-0.007507
631,21033,True,0.9974,0.9974,0.580567,0.793599,0.0,0.537179,0.785345,-0.018033,0.500848,0.813862,-0.026201,0.478823,0.85879,-0.029205,0.471466,0.898834,-0.031058,0.534365,0.86115,-0.03722,0.509492,0.924462,-0.044369,0.49183,0.938168,-0.044585,0.480559,0.939406,-0.043482,0.558853,0.881182,-0.028183,0.525222,0.925707,-0.031984,0.513353,0.913452,-0.028415,0.514124,0.895803,-0.02667,0.576186,0.890223,-0.018573,0.542977,0.925606,-0.019727,0.534561,0.911987,-0.013542,0.536645,0.895571,-0.011018,0.587375,0.894242,-0.010154,0.558479,0.916714,-0.012429,0.550087,0.90561,-0.009645,0.551441,0.892204,-0.007711
632,21066,True,0.9979,0.9979,0.580227,0.793915,0.0,0.537089,0.78575,-0.018359,0.501057,0.813908,-0.026999,0.479176,0.858677,-0.030212,0.471626,0.89865,-0.03222,0.534697,0.86068,-0.039376,0.509581,0.925719,-0.04663,0.491447,0.938489,-0.046421,0.480058,0.938388,-0.044848,0.559542,0.88089,-0.029963,0.525063,0.92561,-0.033626,0.512493,0.912783,-0.029456,0.512978,0.894546,-0.027315,0.576908,0.889745,-0.019842,0.54324,0.925416,-0.020679,0.533933,0.911387,-0.01419,0.535468,0.894422,-0.011608,0.587971,0.893313,-0.010902,0.559132,0.914914,-0.013181,0.550268,0.903627,-0.010444,0.55134,0.890189,-0.008552
633,21100,True,0.9978,0.9978,0.580527,0.79318,0.0,0.537117,0.785356,-0.017815,0.501864,0.81389,-0.026127,0.47977,0.857891,-0.02944,0.471784,0.897562,-0.031475,0.53418,0.861698,-0.036332,0.508924,0.925937,-0.0434,0.490927,0.937428,-0.043394,0.480045,0.936585,-0.042058,0.558922,0.881158,-0.027467,0.5249,0.925856,-0.031307,0.513394,0.912259,-0.027576,0.51511,0.894543,-0.025586,0.576489,0.889851,-0.018081,0.543163,0.925527,-0.019159,0.534868,0.910756,-0.012581,0.537606,0.893995,-0.009741,0.587893,0.893533,-0.009917,0.558956,0.915711,-0.012322,0.550836,0.903726,-0.009364,0.552824,0.889932,-0.007186
634,21133,True,0.9979,0.9979,0.580609,0.79289,0.0,0.537602,0.785822,-0.017821,0.501742,0.813766,-0.026384,0.478671,0.857739,-0.029968,0.470668,0.89824,-0.032373,0.533819,0.861371,-0.036546,0.509131,0.925047,-0.043832,0.49167,0.937624,-0.044028,0.480752,0.937599,-0.0428,0.558377,0.881074,-0.027749,0.525019,0.925692,-0.031402,0.512992,0.913315,-0.027848,0.513334,0.89575,-0.026138,0.576164,0.890167,-0.018445,0.543181,0.925865,-0.01937,0.53439,0.912267,-0.013186,0.536077,0.895948,-0.010739,0.587928,0.894516,-0.010344,0.559037,0.91722,-0.012472,0.550228,0.906079,-0.009621,0.551263,0.892545,-0.007617
635,21166,True,0.9973,0.9973,0.580438,0.793418,0.0,0.537378,0.785998,-0.017381,0.501288,0.814038,-0.02538,0.479182,0.858667,-0.028377,0.471407,0.898475,-0.030228,0.533424,0.861865,-0.03634,0.508729,0.925783,-0.042974,0.49121,0.93806,-0.042645,0.480265,0.93779,-0.041157,0.558076,0.881442,-0.027526,0.524849,0.925925,-0.030785,0.512966,0.913248,-0.026941,0.513429,0.895286,-0.025078,0.575848,0.889973,-0.018089,0.543272,0.925873,-0.018702,0.534466,0.912299,-0.012389,0.536096,0.895558,-0.00993,0.587677,0.893617,-0.009804,0.559454,0.916212,-0.01188,0.550641,0.905401,-0.009072,0.551495,0.892018,-0.007133
636,21200,True,0.9976,0.9976,0.579805,0.795147,0.0,0.535443,0.786588,-0.020385,0.498275,0.814848,-0.030541,0.475778,0.860917,-0.034694,0.468233,0.902938,-0.037546,0.534198,0.859705,-0.044789,0.508028,0.926464,-0.054558,0.487382,0.940426,-0.055473,0.473725,0.941343,-0.054119,0.559358,0.881037,-0.034645,0.522141,0.931449,-0.040107,0.507049,0.920924,-0.035876,0.506044,0.903364,-0.033274,0.57632,0.891533,-0.023811,0.540139,0.932076,-0.025933,0.52865,0.919129,-0.019299,0.529362,0.901839,-0.016124,0.586407,0.896759,-0.014263,0.555496,0.922999,-0.016937,0.545133,0.912929,-0.014014,0.545915,0.89963,-0.011806
637,21233,True,0.9983,0.9983,0.580176,0.796379,0.0,0.535653,0.78663,-0.020777,0.498672,0.814663,-0.03084,0.4765,0.86103,-0.035149,0.469196,0.90315,-0.038248,0.535344,0.862404,-0.042697,0.510135,0.926245,-0.052322,0.490404,0.940584,-0.053795,0.47721,0.941094,-0.053051,0.560286,0.882498,-0.03261,0.525632,0.930305,-0.037836,0.510749,0.922525,-0.034444,0.508221,0.906988,-0.032745,0.577151,0.891602,-0.022088,0.543207,0.929397,-0.024351,0.532057,0.918703,-0.018845,0.531618,0.903003,-0.016661,0.587556,0.895334,-0.012903,0.558586,0.919852,-0.01578,0.548442,0.910544,-0.013491,0.54833,0.8973,-0.011846
638,21266,True,0.9986,0.9986,0.580357,0.795673,0.0,0.53649,0.786028,-0.02023,0.499688,0.814036,-0.030106,0.477521,0.858764,-0.03449,0.468493,0.900294,-0.037452,0.535449,0.861068,-0.04061,0.509946,0.926567,-0.049937,0.490097,0.939346,-0.051149,0.477611,0.93854,-0.050139,0.560061,0.880926,-0.031025,0.524144,0.929555,-0.03696,0.509944,0.918807,-0.033904,0.509884,0.901414,-0.031878,0.576757,0.88997,-0.021056,0.54133,0.928234,-0.023924,0.530829,0.914923,-0.018127,0.532254,0.898082,-0.015234,0.587195,0.893857,-0.012401,0.556787,0.918774,-0.015879,0.547127,0.907827,-0.0134,0.548447,0.894174,-0.011271
639,21300,True,0.9986,0.9986,0.580832,0.795667,0.0,0.536403,0.785653,-0.021254,0.499055,0.814169,-0.031705,0.476645,0.860402,-0.036165,0.468944,0.902896,-0.039261,0.535686,0.859521,-0.04476,0.509543,0.925446,-0.054514,0.489838,0.938192,-0.055525,0.477131,0.936989,-0.054269,0.560439,0.879852,-0.034422,0.525196,0.930255,-0.03954,0.509634,0.923575,-0.035733,0.506562,0.908706,-0.033705,0.577038,0.889867,-0.023572,0.542134,0.929688,-0.025584,0.529963,0.91959,-0.020064,0.528646,0.904337,-0.017885,0.587053,0.894603,-0.014085,0.557322,0.920796,-0.017089,0.546229,0.912209,-0.015011,0.545355,0.899605,-0.013465
640,21333,True,0.9982,0.9982,0.580887,0.796458,0.0,0.537328,0.786171,-0.019707,0.499806,0.814423,-0.030011,0.477264,0.860227,-0.034811,0.471849,0.902251,-0.038155,0.535491,0.857187,-0.043735,0.509033,0.925571,-0.05365,0.488371,0.938524,-0.054529,0.475828,0.93746,-0.053051,0.559762,0.877548,-0.034638,0.522437,0.93083,-0.040618,0.506646,0.924133,-0.036875,0.505174,0.909698,-0.034484,0.576276,0.888398,-0.02488,0.539764,0.930026,-0.02744,0.527624,0.919018,-0.021167,0.527897,0.903524,-0.018148,0.586463,0.894707,-0.016393,0.554519,0.921437,-0.019474,0.543506,0.912134,-0.016554,0.544237,0.899336,-0.014245
641,21366,True,0.9979,0.9979,0.580809,0.795789,0.0,0.537488,0.786146,-0.020227,0.500136,0.814883,-0.03034,0.477821,0.860597,-0.035044,0.4733,0.901636,-0.038335,0.536671,0.858175,-0.042908,0.510639,0.92451,-0.053418,0.489948,0.937265,-0.055092,0.477081,0.935751,-0.054201,0.560389,0.878296,-0.03389,0.524155,0.931671,-0.040581,0.507618,0.926207,-0.037802,0.505116,0.911797,-0.035999,0.576732,0.889171,-0.024368,0.541316,0.929592,-0.027704,0.529639,0.918587,-0.021829,0.530333,0.902441,-0.018801,0.58683,0.894887,-0.016216,0.555652,0.921571,-0.019747,0.545451,0.911708,-0.01684,0.54691,0.897963,-0.014362
642,21400,True,0.9984,0.9984,0.582072,0.795897,0.0,0.537729,0.784914,-0.020423,0.500382,0.814161,-0.030359,0.477643,0.859461,-0.034786,0.470176,0.9009,-0.037627,0.537164,0.857304,-0.041972,0.510794,0.923657,-0.051831,0.489169,0.938076,-0.052902,0.475409,0.937951,-0.051493,0.561134,0.878312,-0.032552,0.522898,0.931504,-0.039138,0.50512,0.926197,-0.036127,0.501805,0.911999,-0.033704,0.576876,0.889705,-0.0227,0.539314,0.930573,-0.025975,0.52578,0.919699,-0.020439,0.525003,0.904094,-0.017354,0.586134,0.896032,-0.014218,0.55318,0.921887,-0.017931,0.541356,0.912523,-0.015591,0.541226,0.89957,-0.013303
643,21433,True,0.998,0.998,0.581817,0.797073,0.0,0.537674,0.786368,-0.019689,0.500294,0.814691,-0.030034,0.477084,0.860583,-0.035257,0.472123,0.901483,-0.039082,0.536207,0.854671,-0.043263,0.508713,0.920755,-0.054606,0.487183,0.936421,-0.055822,0.473695,0.936788,-0.054012,0.558625,0.87549,-0.034871,0.520497,0.933859,-0.042812,0.499166,0.93627,-0.040217,0.491222,0.926003,-0.037601,0.574339,0.888173,-0.025908,0.535884,0.929567,-0.030541,0.521371,0.92119,-0.025192,0.519443,0.905809,-0.021569,0.584173,0.895881,-0.018208,0.549885,0.921773,-0.022253,0.53727,0.913534,-0.019314,0.536487,0.900095,-0.016181
644,21466,True,0.9971,0.9971,0.581525,0.79393,0.0,0.538519,0.784906,-0.020284,0.5023,0.812979,-0.030029,0.478785,0.857259,-0.034526,0.469767,0.898239,-0.037682,0.537373,0.859079,-0.039813,0.510707,0.922109,-0.049506,0.490329,0.93692,-0.05093,0.476372,0.937871,-0.049718,0.560259,0.878916,-0.030381,0.52382,0.932524,-0.035788,0.503772,0.933453,-0.033222,0.495265,0.923099,-0.031351,0.57588,0.88916,-0.020657,0.540202,0.929596,-0.023212,0.525263,0.922265,-0.018693,0.521423,0.907799,-0.016336,0.585065,0.893866,-0.012311,0.554189,0.920258,-0.015282,0.541862,0.913176,-0.013003,0.539721,0.90089,-0.010772
645,21500,True,0.9984,0.9984,0.582247,0.796369,0.0,0.537694,0.785733,-0.021643,0.501151,0.813212,-0.033212,0.477007,0.857695,-0.038964,0.46791,0.900056,-0.043243,0.537206,0.856871,-0.046302,0.509915,0.924635,-0.057468,0.488103,0.939835,-0.058616,0.474338,0.939714,-0.056739,0.560712,0.877778,-0.036233,0.521437,0.934009,-0.042731,0.50248,0.931329,-0.038632,0.497452,0.918039,-0.035439,0.576531,0.889382,-0.025676,0.538196,0.931907,-0.028621,0.524037,0.922703,-0.022572,0.52257,0.906843,-0.019206,0.585863,0.895655,-0.016562,0.552974,0.922381,-0.019978,0.540343,0.914303,-0.017447,0.539283,0.901589,-0.015002
646,21533,True,0.9983,0.9983,0.581917,0.794304,0.0,0.537864,0.785845,-0.019705,0.500912,0.813926,-0.029421,0.477044,0.857929,-0.03374,0.467704,0.899112,-0.036768,0.536402,0.858275,-0.040542,0.511041,0.922809,-0.049979,0.491374,0.93897,-0.051244,0.478112,0.940903,-0.049968,0.560037,0.87842,-0.030822,0.524944,0.92977,-0.035409,0.508106,0.926495,-0.031878,0.502981,0.913642,-0.029723,0.576382,0.889001,-0.020688,0.541861,0.928344,-0.022024,0.528881,0.920337,-0.016707,0.526497,0.906128,-0.014385,0.586181,0.894553,-0.011895,0.556464,0.919748,-0.013769,0.544825,0.912977,-0.011369,0.54308,0.90189,-0.009485
647,21566,True,0.9979,0.9979,0.580175,0.797061,0.0,0.537249,0.786422,-0.019667,0.501175,0.812626,-0.029897,0.478454,0.85528,-0.03456,0.468612,0.895046,-0.037708,0.536436,0.857279,-0.043359,0.51129,0.926071,-0.052857,0.491164,0.940177,-0.053278,0.478855,0.939704,-0.051435,0.560536,0.878256,-0.033721,0.52291,0.926333,-0.039141,0.507661,0.916874,-0.034448,0.506536,0.900893,-0.031503,0.576899,0.888601,-0.023508,0.539467,0.926387,-0.025708,0.528148,0.914447,-0.018792,0.528835,0.898498,-0.015523,0.586571,0.89425,-0.014575,0.554122,0.916774,-0.017701,0.543447,0.906644,-0.014812,0.544102,0.893912,-0.012524
648,21600,True,0.9981,0.9981,0.580223,0.796822,0.0,0.535995,0.787251,-0.018224,0.499365,0.815571,-0.026953,0.477169,0.860276,-0.03046,0.469365,0.900139,-0.032759,0.533882,0.859202,-0.039353,0.50854,0.926043,-0.047771,0.488844,0.940064,-0.048441,0.476463,0.940279,-0.047054,0.558205,0.878918,-0.030395,0.522796,0.929616,-0.034761,0.508116,0.923701,-0.03088,0.506698,0.909714,-0.028551,0.575611,0.888637,-0.020862,0.541505,0.927271,-0.022299,0.53131,0.916358,-0.016119,0.53203,0.90137,-0.013305,0.586657,0.893532,-0.012515,0.55716,0.917324,-0.014726,0.548239,0.908012,-0.011717,0.549198,0.896025,-0.009441
649,21633,True,0.9985,0.9985,0.580609,0.794609,0.0,0.537093,0.786496,-0.018301,0.500758,0.814222,-0.026824,0.478728,0.85797,-0.030115,0.470592,0.897645,-0.032188,0.535369,0.859808,-0.038321,0.510609,0.924771,-0.046054,0.492573,0.939162,-0.046324,0.480917,0.939249,-0.044772,0.559848,0.879061,-0.02886,0.527392,0.927072,-0.031682,0.513068,0.921394,-0.027392,0.509825,0.907704,-0.025376,0.577149,0.887952,-0.018909,0.545645,0.925324,-0.019287,0.535263,0.915708,-0.01348,0.534453,0.901303,-0.011413,0.587836,0.892094,-0.010137,0.560742,0.916335,-0.011726,0.551292,0.907632,-0.008947,0.551184,0.895537,-0.0071
650,21666,True,0.9969,0.9969,0.579707,0.794811,0.0,0.537227,0.78704,-0.018184,0.500679,0.813765,-0.027361,0.47884,0.85757,-0.03098,0.471918,0.89721,-0.033451,0.53453,0.859013,-0.041821,0.509231,0.92481,-0.050118,0.490631,0.938683,-0.050382,0.478721,0.939592,-0.048844,0.55958,0.879006,-0.032686,0.524758,0.926826,-0.036616,0.511535,0.916869,-0.03205,0.510843,0.900627,-0.029718,0.577496,0.888551,-0.022735,0.543608,0.927245,-0.023513,0.533752,0.914916,-0.016557,0.534603,0.898927,-0.013775,0.589039,0.893071,-0.01394,0.560268,0.916556,-0.015696,0.551125,0.90626,-0.012359,0.551871,0.893852,-0.010192
651,21700,True,0.9972,0.9972,0.579694,0.794527,0.0,0.536731,0.786709,-0.018513,0.501283,0.812605,-0.027827,0.47922,0.854797,-0.031942,0.468962,0.893547,-0.034869,0.534636,0.860997,-0.038876,0.509296,0.925255,-0.046626,0.49128,0.937464,-0.046683,0.479648,0.936498,-0.045071,0.559437,0.880309,-0.029626,0.525537,0.927177,-0.032493,0.511945,0.918605,-0.027819,0.510071,0.903705,-0.025505,0.577404,0.888729,-0.019886,0.544304,0.925604,-0.020337,0.53452,0.913566,-0.013854,0.534706,0.897911,-0.011321,0.58895,0.891969,-0.011349,0.561206,0.915163,-0.013185,0.551952,0.904819,-0.010123,0.552269,0.891837,-0.007969
652,21733,True,0.9976,0.9976,0.580728,0.793906,0.0,0.537016,0.785462,-0.018465,0.500438,0.812872,-0.027447,0.478702,0.856477,-0.031205,0.469816,0.896311,-0.033787,0.534649,0.860028,-0.039033,0.51026,0.925405,-0.047211,0.491566,0.938447,-0.047911,0.479638,0.938146,-0.046803,0.560273,0.878922,-0.030014,0.526675,0.926196,-0.034473,0.514833,0.914507,-0.030675,0.516042,0.897394,-0.028606,0.578312,0.887402,-0.02039,0.545495,0.924403,-0.021548,0.537541,0.910502,-0.014451,0.540647,0.893657,-0.011293,0.58989,0.891075,-0.012047,0.561759,0.914531,-0.01412,0.554248,0.902153,-0.01051,0.556964,0.888256,-0.007894
653,21766,True,0.9975,0.9975,0.581092,0.793803,0.0,0.537363,0.78577,-0.018878,0.501164,0.8136,-0.028013,0.478965,0.857361,-0.031752,0.469538,0.897138,-0.034126,0.536465,0.860867,-0.040084,0.511031,0.926173,-0.048208,0.49221,0.938039,-0.048501,0.480482,0.936497,-0.047073,0.56142,0.880244,-0.030709,0.526131,0.926145,-0.035034,0.51344,0.914056,-0.030988,0.514228,0.896822,-0.028817,0.57854,0.888694,-0.020708,0.544326,0.925016,-0.02194,0.535216,0.911291,-0.015123,0.537462,0.894606,-0.012173,0.589099,0.892086,-0.011961,0.560041,0.915358,-0.014258,0.551497,0.903543,-0.010973,0.553536,0.8897,-0.00858
654,21800,True,0.9979,0.9979,0.581386,0.795109,0.0,0.536948,0.78602,-0.019752,0.500374,0.813991,-0.029067,0.477789,0.857898,-0.032914,0.469124,0.898179,-0.035333,0.536697,0.862056,-0.040246,0.510809,0.927737,-0.049114,0.490493,0.94052,-0.050044,0.477557,0.939849,-0.048841,0.561535,0.881645,-0.030506,0.525257,0.929246,-0.035382,0.510716,0.919458,-0.031727,0.510186,0.903473,-0.029562,0.57834,0.890444,-0.020315,0.543138,0.927103,-0.022266,0.532623,0.914412,-0.01616,0.533855,0.898297,-0.013335,0.588534,0.894271,-0.011452,0.558405,0.918054,-0.014358,0.548945,0.906543,-0.011531,0.550393,0.892283,-0.009214
655,21833,True,0.9987,0.9987,0.582014,0.794963,0.0,0.537898,0.785165,-0.020282,0.501086,0.813484,-0.030451,0.478139,0.858067,-0.035178,0.468874,0.898977,-0.038424,0.536388,0.858054,-0.042148,0.509705,0.925299,-0.052201,0.489716,0.939502,-0.05336,0.476897,0.939526,-0.051911,0.560519,0.877984,-0.032685,0.524308,0.933731,-0.038502,0.506427,0.932047,-0.035399,0.50135,0.919336,-0.033273,0.577285,0.888592,-0.022753,0.541215,0.930563,-0.025171,0.528234,0.921957,-0.019863,0.52654,0.90679,-0.017288,0.587433,0.894287,-0.014212,0.555933,0.921529,-0.017265,0.544587,0.912432,-0.014848,0.543962,0.898843,-0.012655
656,21866,True,0.9981,0.9981,0.582762,0.793898,0.0,0.539903,0.7854,-0.018532,0.503438,0.811729,-0.027197,0.481591,0.854966,-0.030833,0.475745,0.894158,-0.03312,0.537629,0.859467,-0.037707,0.512021,0.924293,-0.046108,0.494108,0.937619,-0.04708,0.482865,0.937487,-0.045869,0.561142,0.878773,-0.028416,0.52856,0.929169,-0.031982,0.513946,0.924718,-0.028653,0.510621,0.911872,-0.027047,0.57746,0.88829,-0.018702,0.545584,0.927458,-0.019429,0.534367,0.919031,-0.01446,0.533095,0.905055,-0.012719,0.587539,0.893407,-0.010263,0.560031,0.919358,-0.011864,0.549951,0.910778,-0.009377,0.549787,0.897728,-0.007603
657,21900,True,0.9984,0.9984,0.582717,0.795281,0.0,0.5394,0.785282,-0.019948,0.502222,0.812116,-0.029123,0.480774,0.856635,-0.032459,0.474253,0.896956,-0.034318,0.537443,0.859325,-0.042598,0.511506,0.925468,-0.05141,0.491593,0.938268,-0.051731,0.47872,0.937494,-0.049952,0.562054,0.880405,-0.032201,0.526664,0.926636,-0.035969,0.511488,0.918527,-0.031368,0.509096,0.903608,-0.02894,0.57868,0.890194,-0.021233,0.543893,0.925479,-0.022159,0.532951,0.91408,-0.016006,0.532708,0.898629,-0.013488,0.588646,0.894809,-0.01157,0.558988,0.916939,-0.013592,0.548758,0.906614,-0.010858,0.549218,0.893092,-0.008815
658,21933,True,0.9984,0.9984,0.58298,0.7936,0.0,0.539808,0.784839,-0.018903,0.5027,0.812454,-0.027715,0.481066,0.857088,-0.031149,0.473693,0.897537,-0.033205,0.537219,0.858197,-0.039598,0.513256,0.923361,-0.048019,0.494566,0.935809,-0.048612,0.48265,0.934495,-0.047188,0.561863,0.877728,-0.030023,0.530003,0.926328,-0.033714,0.516235,0.919289,-0.029742,0.514651,0.905032,-0.027711,0.578906,0.887485,-0.019941,0.547698,0.924642,-0.020775,0.538076,0.91388,-0.014924,0.538853,0.898884,-0.012532,0.58936,0.892635,-0.011119,0.562426,0.917739,-0.012914,0.553703,0.907749,-0.010071,0.555059,0.894243,-0.007961
659,21966,True,0.9985,0.9985,0.582535,0.794274,0.0,0.539408,0.784123,-0.018763,0.50255,0.811616,-0.02741,0.481523,0.856354,-0.030477,0.474514,0.896127,-0.032131,0.536572,0.857709,-0.041201,0.512952,0.923377,-0.049354,0.494323,0.936347,-0.049404,0.482978,0.935521,-0.047691,0.561433,0.878635,-0.031453,0.528246,0.922073,-0.035287,0.515965,0.910588,-0.030697,0.516838,0.893994,-0.028286,0.578507,0.888558,-0.021025,0.54512,0.921565,-0.021919,0.536901,0.908397,-0.015111,0.539485,0.892458,-0.012197,0.589238,0.893726,-0.011819,0.559909,0.914701,-0.01368,0.551603,0.903058,-0.010489,0.553948,0.889392,-0.008206
660,22000,True,0.9972,0.9972,0.579781,0.793705,0.0,0.538937,0.786218,-0.018303,0.50315,0.811051,-0.0271,0.48184,0.854667,-0.030623,0.474202,0.893704,-0.033077,0.535682,0.860055,-0.038927,0.511792,0.922298,-0.046712,0.494798,0.935178,-0.047181,0.483433,0.935,-0.045943,0.560017,0.879897,-0.029497,0.529567,0.922495,-0.032012,0.517726,0.913374,-0.027779,0.516353,0.897957,-0.026095,0.577674,0.888501,-0.019508,0.548083,0.921506,-0.01966,0.540106,0.910298,-0.013774,0.54084,0.894938,-0.01183,0.589418,0.892268,-0.010675,0.563915,0.913982,-0.011839,0.555977,0.904184,-0.008788,0.556753,0.891272,-0.006831
661,22033,True,0.9982,0.9982,0.581124,0.795994,0.0,0.538703,0.786248,-0.019321,0.502075,0.811713,-0.028538,0.481179,0.855562,-0.032282,0.473298,0.895021,-0.034746,0.536251,0.85889,-0.040198,0.512456,0.923538,-0.048539,0.49436,0.935851,-0.048869,0.482678,0.935048,-0.047364,0.560549,0.878786,-0.030454,0.528363,0.925647,-0.034035,0.514715,0.91822,-0.029775,0.51264,0.903817,-0.027656,0.577576,0.888218,-0.020267,0.546467,0.924634,-0.02138,0.536532,0.914027,-0.015677,0.536296,0.898995,-0.013496,0.588414,0.89277,-0.011327,0.561189,0.916034,-0.013595,0.552012,0.907313,-0.011219,0.551967,0.895571,-0.009521
662,22066,True,0.9986,0.9986,0.581232,0.794384,0.0,0.539414,0.785278,-0.018643,0.502814,0.811289,-0.027441,0.481286,0.854748,-0.030898,0.473604,0.894219,-0.033198,0.536341,0.857195,-0.039087,0.513312,0.920517,-0.047284,0.495366,0.9355,-0.048244,0.483389,0.936893,-0.047362,0.560414,0.877283,-0.029602,0.529704,0.921397,-0.033198,0.517537,0.913142,-0.029392,0.516904,0.897786,-0.027667,0.57771,0.887006,-0.019627,0.547509,0.920428,-0.020566,0.539586,0.909366,-0.0148,0.541131,0.894182,-0.012622,0.588927,0.891933,-0.010856,0.5622,0.913371,-0.012674,0.554461,0.903723,-0.009996,0.555971,0.891239,-0.008162
663,22100,True,0.9983,0.9983,0.581091,0.793288,0.0,0.539971,0.785681,-0.016928,0.503614,0.81116,-0.024005,0.482394,0.854064,-0.02622,0.474181,0.891955,-0.027307,0.536389,0.860109,-0.031625,0.517702,0.91603,-0.036583,0.506305,0.930213,-0.03598,0.498899,0.932139,-0.034542,0.559801,0.879138,-0.022689,0.534642,0.917649,-0.023251,0.523281,0.912412,-0.019982,0.519594,0.899664,-0.0192,0.577191,0.886967,-0.013433,0.551286,0.916694,-0.012431,0.542858,0.909349,-0.008597,0.540697,0.896883,-0.008197,0.58895,0.890208,-0.005221,0.565848,0.90978,-0.005105,0.557162,0.903317,-0.003113,0.555245,0.892932,-0.002241
664,22133,True,0.9978,0.9978,0.580674,0.796905,0.0,0.539705,0.784837,-0.018345,0.502264,0.810264,-0.027037,0.479868,0.854571,-0.030532,0.471265,0.894196,-0.0327,0.536627,0.858496,-0.037836,0.516209,0.919797,-0.045543,0.501926,0.93065,-0.045742,0.494584,0.927488,-0.044086,0.560452,0.878391,-0.028602,0.531539,0.918395,-0.031922,0.520932,0.909124,-0.028545,0.521268,0.894451,-0.027069,0.57724,0.887524,-0.018911,0.547508,0.917685,-0.019321,0.54076,0.906613,-0.013834,0.542806,0.892403,-0.011903,0.588445,0.892289,-0.010385,0.561612,0.912056,-0.010948,0.554907,0.902615,-0.007908,0.556817,0.891014,-0.005985
665,22166,True,0.9981,0.9981,0.581143,0.795806,0.0,0.539424,0.785914,-0.017886,0.50282,0.81168,-0.026224,0.481257,0.855347,-0.029351,0.474635,0.893988,-0.031463,0.535035,0.858641,-0.038167,0.51406,0.919431,-0.045831,0.497808,0.933938,-0.046211,0.487565,0.934747,-0.044905,0.558315,0.878402,-0.028799,0.529092,0.919943,-0.031564,0.516957,0.912457,-0.02772,0.51518,0.897983,-0.026107,0.57533,0.887463,-0.018887,0.546104,0.916748,-0.019226,0.538077,0.907155,-0.01411,0.538578,0.892777,-0.012509,0.586903,0.891507,-0.010022,0.561015,0.910205,-0.010749,0.553262,0.901106,-0.008101,0.554112,0.888909,-0.006528
666,22200,True,0.9978,0.9978,0.580033,0.795694,0.0,0.538948,0.784858,-0.018508,0.502052,0.811576,-0.027293,0.480465,0.856382,-0.030585,0.472688,0.895763,-0.032957,0.535166,0.858757,-0.040123,0.514326,0.920096,-0.048028,0.498233,0.935123,-0.048614,0.488052,0.936523,-0.047611,0.558763,0.878757,-0.030459,0.529449,0.915906,-0.03354,0.51854,0.905665,-0.029357,0.518046,0.890231,-0.027788,0.576118,0.887375,-0.020228,0.546907,0.914655,-0.020832,0.539786,0.903805,-0.015121,0.541166,0.889142,-0.013377,0.587844,0.891553,-0.011081,0.561962,0.909155,-0.012122,0.554447,0.899417,-0.009311,0.555812,0.887395,-0.007772
667,22233,True,0.9981,0.9981,0.58064,0.797261,0.0,0.53938,0.785959,-0.019073,0.50252,0.811636,-0.028327,0.480897,0.855428,-0.032013,0.473285,0.894748,-0.034592,0.535657,0.8592,-0.040749,0.513284,0.921302,-0.049105,0.496351,0.93524,-0.04985,0.485635,0.935628,-0.048907,0.559766,0.879516,-0.031035,0.528485,0.916679,-0.034962,0.51738,0.905501,-0.031089,0.517239,0.889914,-0.029541,0.576877,0.888549,-0.020795,0.545625,0.916686,-0.022045,0.537875,0.905313,-0.016238,0.539204,0.890783,-0.01428,0.588031,0.893073,-0.011705,0.56022,0.911535,-0.013448,0.552322,0.901348,-0.010595,0.553819,0.889056,-0.008837
668,22266,True,0.9986,0.9986,0.581831,0.793684,0.0,0.541103,0.784874,-0.017406,0.503955,0.810232,-0.025257,0.482332,0.852448,-0.028189,0.47496,0.890138,-0.029927,0.536416,0.857208,-0.033907,0.517588,0.9159,-0.040644,0.504622,0.93004,-0.041263,0.496698,0.930997,-0.04054,0.560083,0.876563,-0.025229,0.533771,0.914305,-0.027838,0.523788,0.90561,-0.024794,0.523233,0.891238,-0.023903,0.577416,0.885436,-0.016283,0.550112,0.914285,-0.016682,0.543566,0.904558,-0.011954,0.544606,0.890803,-0.010694,0.589062,0.889888,-0.008469,0.564101,0.908823,-0.009431,0.557194,0.899958,-0.007048,0.55812,0.888278,-0.005711
669,22300,True,0.9974,0.9974,0.581303,0.795972,0.0,0.540473,0.785017,-0.019187,0.503052,0.810775,-0.028326,0.480195,0.854008,-0.032067,0.471844,0.893533,-0.034796,0.53668,0.858456,-0.039498,0.513734,0.920288,-0.047755,0.496206,0.935575,-0.048543,0.48467,0.93707,-0.047307,0.560221,0.878366,-0.029706,0.529967,0.919871,-0.032965,0.51726,0.913345,-0.029172,0.514672,0.900389,-0.027425,0.57709,0.887571,-0.019505,0.546388,0.918202,-0.020037,0.537902,0.908239,-0.014836,0.537638,0.894593,-0.013087,0.588023,0.892083,-0.010523,0.560919,0.91142,-0.011441,0.552267,0.902891,-0.008741,0.552358,0.891666,-0.006986
670,22333,True,0.9986,0.9986,0.581195,0.798211,0.0,0.539351,0.786042,-0.019798,0.502329,0.811572,-0.029419,0.481312,0.855863,-0.032954,0.474219,0.895154,-0.035173,0.537005,0.860067,-0.043993,0.512767,0.923907,-0.052487,0.493573,0.93725,-0.052653,0.481462,0.937177,-0.051175,0.561027,0.881361,-0.033529,0.526853,0.919477,-0.037261,0.514068,0.908588,-0.032586,0.513315,0.893902,-0.030557,0.577508,0.890508,-0.022343,0.543822,0.91868,-0.023345,0.534335,0.90739,-0.017275,0.534737,0.893248,-0.015266,0.587953,0.894455,-0.012275,0.558652,0.912577,-0.013941,0.549473,0.902423,-0.011046,0.550348,0.890226,-0.00929
671,22366,True,0.9988,0.9988,0.581943,0.796035,0.0,0.540303,0.785162,-0.019067,0.503124,0.810306,-0.028046,0.481379,0.853189,-0.03167,0.474281,0.892057,-0.033997,0.536461,0.857936,-0.038365,0.513115,0.921544,-0.046154,0.495391,0.935897,-0.04677,0.483722,0.936783,-0.045726,0.560504,0.878292,-0.028721,0.529214,0.920855,-0.032028,0.517242,0.912349,-0.028079,0.516552,0.897884,-0.026273,0.577617,0.888235,-0.018713,0.546252,0.920201,-0.019525,0.538043,0.908976,-0.013916,0.539019,0.894564,-0.011907,0.588662,0.893449,-0.009972,0.560893,0.914139,-0.011863,0.552503,0.904405,-0.009397,0.553236,0.892191,-0.007707
672,22400,True,0.998,0.998,0.578708,0.797846,0.0,0.536224,0.787242,-0.020193,0.500313,0.813198,-0.030313,0.479178,0.856904,-0.034165,0.471694,0.897093,-0.036551,0.536691,0.862993,-0.045648,0.509844,0.928686,-0.054037,0.488237,0.939923,-0.053415,0.474762,0.937861,-0.051206,0.561333,0.884029,-0.035014,0.523168,0.926341,-0.038972,0.508989,0.913201,-0.033402,0.509391,0.896486,-0.030449,0.577831,0.892593,-0.023535,0.541674,0.924598,-0.024655,0.531595,0.910084,-0.017171,0.533846,0.893093,-0.013983,0.588056,0.895551,-0.013238,0.557482,0.915955,-0.015474,0.548114,0.9043,-0.012014,0.550246,0.890722,-0.009603
673,22433,True,0.9986,0.9986,0.582122,0.796745,0.0,0.538672,0.784885,-0.020732,0.501787,0.811687,-0.031597,0.479392,0.857115,-0.036496,0.470679,0.898064,-0.039922,0.535878,0.858289,-0.045371,0.510033,0.927381,-0.054854,0.488805,0.940415,-0.054942,0.475305,0.940105,-0.053196,0.560999,0.87957,-0.035367,0.524546,0.929865,-0.040486,0.510504,0.918963,-0.035167,0.510613,0.903047,-0.032043,0.578109,0.890274,-0.024797,0.54319,0.92821,-0.026925,0.533286,0.914146,-0.019489,0.535589,0.897173,-0.016009,0.58884,0.895782,-0.015584,0.558124,0.920187,-0.018798,0.549238,0.908034,-0.015668,0.551511,0.894048,-0.0133
674,22466,True,0.998,0.998,0.579795,0.796235,0.0,0.536586,0.787109,-0.021977,0.499976,0.814256,-0.033072,0.477605,0.858405,-0.037803,0.467958,0.89962,-0.041025,0.537283,0.86158,-0.046613,0.509953,0.928119,-0.056453,0.488282,0.941143,-0.057013,0.473762,0.941331,-0.055497,0.562266,0.882966,-0.03584,0.524181,0.931802,-0.041444,0.508311,0.921275,-0.036925,0.506521,0.904198,-0.034276,0.579051,0.893395,-0.024513,0.542402,0.932949,-0.02712,0.529843,0.920061,-0.020592,0.529735,0.902679,-0.017528,0.588792,0.898469,-0.014569,0.55826,0.925332,-0.018297,0.546717,0.915079,-0.015816,0.546749,0.901083,-0.013752
675,22500,True,0.9983,0.9983,0.581621,0.795839,0.0,0.538325,0.784936,-0.020084,0.501873,0.811941,-0.030696,0.479289,0.856568,-0.035498,0.470237,0.896735,-0.038948,0.53552,0.861022,-0.043746,0.509455,0.92808,-0.053402,0.488013,0.941303,-0.054375,0.474061,0.94135,-0.053303,0.560798,0.881992,-0.034007,0.524752,0.930964,-0.039019,0.510826,0.919754,-0.034136,0.511016,0.90332,-0.031391,0.578517,0.891943,-0.023734,0.544548,0.930285,-0.02567,0.534443,0.916586,-0.018392,0.536762,0.8994,-0.015084,0.590001,0.896514,-0.014764,0.560445,0.922364,-0.0176,0.551586,0.910784,-0.014216,0.554068,0.896672,-0.011726
676,22533,True,0.9983,0.9983,0.580712,0.796086,0.0,0.536291,0.787691,-0.021173,0.499882,0.814964,-0.032312,0.477341,0.859535,-0.037398,0.467897,0.901197,-0.041009,0.535991,0.862456,-0.04566,0.509396,0.928921,-0.055983,0.487415,0.941328,-0.056769,0.472673,0.94059,-0.055183,0.561619,0.883244,-0.035475,0.523613,0.932863,-0.041498,0.508155,0.922526,-0.037034,0.507027,0.906057,-0.034104,0.579018,0.893519,-0.024727,0.543,0.932081,-0.027438,0.531302,0.918767,-0.020594,0.532126,0.90165,-0.017072,0.589454,0.8982,-0.015324,0.558953,0.924427,-0.018615,0.548857,0.912826,-0.015427,0.550253,0.898274,-0.012699
677,22566,True,0.9986,0.9986,0.582236,0.796551,0.0,0.537969,0.786066,-0.021713,0.501756,0.812973,-0.033358,0.479259,0.857797,-0.038671,0.468993,0.899037,-0.042758,0.536564,0.861058,-0.04834,0.507329,0.929359,-0.059213,0.483623,0.945089,-0.060819,0.466872,0.949251,-0.060221,0.56213,0.882694,-0.03806,0.523306,0.933582,-0.044536,0.507539,0.923349,-0.04017,0.506171,0.906677,-0.037687,0.579591,0.892737,-0.027062,0.543365,0.933023,-0.03002,0.531426,0.919755,-0.022763,0.532355,0.902201,-0.019317,0.590119,0.896755,-0.017442,0.559915,0.925206,-0.021183,0.549771,0.913444,-0.017745,0.55153,0.898284,-0.015062
678,22600,True,0.9978,0.9978,0.581,0.795107,0.0,0.537384,0.786865,-0.021387,0.501334,0.813936,-0.032557,0.479039,0.857975,-0.037527,0.468375,0.898474,-0.040983,0.536017,0.859331,-0.047251,0.508853,0.927418,-0.05772,0.486548,0.940795,-0.058493,0.471095,0.941859,-0.057,0.560625,0.880926,-0.03696,0.522254,0.933853,-0.043076,0.505481,0.924987,-0.038632,0.503136,0.908317,-0.035733,0.577314,0.891865,-0.025971,0.540409,0.932591,-0.028814,0.52818,0.919105,-0.02197,0.528495,0.901578,-0.018352,0.587104,0.896873,-0.01633,0.555877,0.924735,-0.019941,0.545056,0.91339,-0.016881,0.545694,0.898973,-0.01418
679,22633,True,0.998,0.998,0.581583,0.796337,0.0,0.536915,0.787026,-0.021761,0.50042,0.814081,-0.032972,0.477954,0.858889,-0.03804,0.468116,0.900181,-0.041662,0.536639,0.861963,-0.045544,0.509297,0.927468,-0.055635,0.487781,0.939363,-0.056245,0.473102,0.938541,-0.054527,0.561442,0.882929,-0.035109,0.523479,0.935229,-0.04025,0.505036,0.930126,-0.035825,0.499311,0.916586,-0.033121,0.578492,0.893377,-0.024211,0.542128,0.934177,-0.026531,0.52777,0.924137,-0.020639,0.524714,0.908469,-0.017868,0.588726,0.898055,-0.014724,0.558668,0.926224,-0.018177,0.546367,0.917403,-0.015789,0.544536,0.904088,-0.013639
680,22666,True,0.9985,0.9985,0.581229,0.796403,0.0,0.536738,0.786656,-0.021723,0.500754,0.813752,-0.033142,0.478354,0.85833,-0.038173,0.468649,0.899316,-0.04169,0.536991,0.858989,-0.048426,0.510417,0.926761,-0.058966,0.487942,0.9392,-0.05947,0.472327,0.938675,-0.057657,0.561698,0.881114,-0.037879,0.523263,0.934648,-0.043618,0.504737,0.928047,-0.038902,0.499819,0.913145,-0.035977,0.578185,0.892725,-0.026654,0.541808,0.935107,-0.029088,0.526935,0.92421,-0.022911,0.524206,0.907879,-0.020022,0.587829,0.89829,-0.016788,0.557584,0.927302,-0.020288,0.54485,0.918111,-0.017889,0.543042,0.904491,-0.015816
681,22700,True,0.9981,0.9981,0.582125,0.795483,0.0,0.537565,0.785799,-0.020586,0.501089,0.813625,-0.031262,0.478874,0.858247,-0.035989,0.468696,0.898807,-0.039274,0.536279,0.859235,-0.045398,0.510143,0.926937,-0.055307,0.488379,0.939719,-0.055783,0.473824,0.939041,-0.05411,0.561164,0.880561,-0.035536,0.523646,0.932671,-0.041057,0.507101,0.923629,-0.036403,0.504846,0.906945,-0.033509,0.578248,0.891212,-0.025059,0.542339,0.932627,-0.02735,0.529405,0.920229,-0.020713,0.529186,0.902873,-0.017524,0.588695,0.896075,-0.015906,0.558744,0.92462,-0.019166,0.547687,0.914283,-0.016292,0.54804,0.89989,-0.013962
682,22733,True,0.9981,0.9981,0.581162,0.795537,0.0,0.536801,0.786349,-0.020801,0.500365,0.813762,-0.031439,0.478176,0.857918,-0.035887,0.467452,0.898209,-0.038889,0.536601,0.861238,-0.045552,0.509969,0.928309,-0.055063,0.488243,0.941077,-0.055356,0.473853,0.940592,-0.053477,0.561422,0.88274,-0.035149,0.523023,0.932909,-0.040146,0.506013,0.92396,-0.035398,0.503383,0.907263,-0.032478,0.578387,0.893132,-0.024088,0.541946,0.933202,-0.026138,0.528578,0.920859,-0.019932,0.52764,0.903577,-0.017054,0.588587,0.89778,-0.014277,0.558452,0.924684,-0.017473,0.546944,0.914354,-0.014921,0.546618,0.900197,-0.012792
683,22766,True,0.9974,0.9974,0.58121,0.796329,0.0,0.536661,0.786632,-0.020841,0.500766,0.813637,-0.031804,0.47876,0.858057,-0.036659,0.46914,0.898776,-0.039942,0.536696,0.858966,-0.047172,0.510488,0.92758,-0.057352,0.487803,0.939468,-0.057715,0.47249,0.938556,-0.055953,0.561348,0.880552,-0.037196,0.52234,0.93125,-0.043162,0.505875,0.920797,-0.03828,0.504223,0.903805,-0.035214,0.577794,0.891274,-0.026503,0.540234,0.930467,-0.029042,0.527776,0.916684,-0.021844,0.528081,0.899182,-0.018258,0.587445,0.896003,-0.017167,0.555942,0.922751,-0.020538,0.545116,0.911274,-0.017352,0.545654,0.896607,-0.014749
684,22800,True,0.9974,0.9974,0.582261,0.794929,0.0,0.537697,0.784643,-0.021571,0.500828,0.812818,-0.032685,0.477859,0.857464,-0.037546,0.467983,0.89816,-0.04115,0.536466,0.856817,-0.046697,0.510972,0.923216,-0.05705,0.489279,0.939196,-0.058488,0.473586,0.941919,-0.057696,0.560499,0.878912,-0.036273,0.523194,0.928619,-0.04158,0.506164,0.922199,-0.037109,0.501677,0.90801,-0.034682,0.577359,0.890033,-0.025323,0.5407,0.929489,-0.027404,0.527095,0.919325,-0.021087,0.524681,0.903899,-0.018419,0.587673,0.895239,-0.015789,0.556687,0.921325,-0.019046,0.54425,0.913128,-0.0167,0.542194,0.900959,-0.014931
685,22833,True,0.9975,0.9975,0.581999,0.795818,0.0,0.53786,0.785983,-0.021054,0.501357,0.812473,-0.031853,0.479009,0.85569,-0.036445,0.470228,0.895684,-0.039846,0.537074,0.858277,-0.046272,0.510793,0.922943,-0.056096,0.489535,0.937932,-0.057127,0.474238,0.939903,-0.056024,0.560279,0.879914,-0.035638,0.522375,0.925987,-0.039994,0.504111,0.919738,-0.035263,0.497271,0.906168,-0.032857,0.576374,0.890395,-0.024408,0.539198,0.926489,-0.025781,0.524377,0.917451,-0.019885,0.519471,0.902908,-0.017739,0.586364,0.894833,-0.014534,0.555139,0.917605,-0.017421,0.541342,0.910711,-0.015485,0.537109,0.899811,-0.0141
686,22866,True,0.9971,0.9971,0.581252,0.796545,0.0,0.53712,0.786411,-0.021199,0.500857,0.812901,-0.031932,0.478791,0.856272,-0.036596,0.470122,0.896301,-0.039965,0.537248,0.860241,-0.045123,0.510979,0.924327,-0.054723,0.489876,0.938192,-0.055466,0.475313,0.938523,-0.054044,0.560849,0.88141,-0.034435,0.523019,0.926377,-0.038818,0.505702,0.918547,-0.034074,0.500637,0.903952,-0.031469,0.57707,0.891205,-0.023236,0.540056,0.925868,-0.024739,0.526733,0.915187,-0.018583,0.523945,0.899849,-0.016055,0.586924,0.895136,-0.013403,0.555717,0.916896,-0.016034,0.543735,0.908103,-0.013606,0.541901,0.895789,-0.011756
687,22900,True,0.9973,0.9973,0.582073,0.796566,0.0,0.537248,0.785678,-0.022349,0.500125,0.813612,-0.033516,0.477474,0.858476,-0.03827,0.46913,0.899944,-0.041664,0.537855,0.859432,-0.046863,0.51177,0.92382,-0.056962,0.489481,0.939405,-0.058019,0.473505,0.941039,-0.056859,0.561655,0.881095,-0.035928,0.5228,0.927407,-0.041223,0.504907,0.92086,-0.036593,0.499277,0.90742,-0.033891,0.577451,0.891351,-0.02454,0.539433,0.927126,-0.026963,0.525072,0.917082,-0.020956,0.521213,0.902433,-0.018355,0.586704,0.895548,-0.014611,0.554456,0.917761,-0.01819,0.541619,0.909085,-0.01613,0.538707,0.896986,-0.014418
688,22933,True,0.9973,0.9973,0.581741,0.796461,0.0,0.537298,0.78567,-0.021192,0.500053,0.813298,-0.031538,0.478445,0.858266,-0.035821,0.470922,0.89902,-0.038801,0.537029,0.858588,-0.044277,0.512409,0.922738,-0.05398,0.492204,0.938008,-0.055304,0.478348,0.939699,-0.054525,0.560992,0.880083,-0.033879,0.525056,0.924989,-0.038966,0.509328,0.917061,-0.034955,0.505716,0.902459,-0.032852,0.577451,0.890364,-0.023004,0.542001,0.925216,-0.024972,0.530057,0.914606,-0.018851,0.528371,0.899607,-0.016354,0.587536,0.895098,-0.013546,0.556939,0.916868,-0.016583,0.546012,0.90772,-0.014245,0.544924,0.895365,-0.012483
689,22966,True,0.9979,0.9979,0.581482,0.797325,0.0,0.53762,0.785377,-0.021197,0.500636,0.812238,-0.030914,0.478976,0.856378,-0.034647,0.471312,0.897125,-0.037063,0.536676,0.859156,-0.042625,0.512436,0.92244,-0.051781,0.492362,0.93813,-0.053009,0.478529,0.940274,-0.052263,0.560253,0.880933,-0.032039,0.525103,0.92357,-0.036502,0.509601,0.915477,-0.032428,0.506082,0.900936,-0.030379,0.576687,0.890871,-0.021124,0.541348,0.922983,-0.023044,0.530061,0.911839,-0.017186,0.528671,0.89683,-0.0148,0.586828,0.895096,-0.011614,0.556078,0.91484,-0.014791,0.545463,0.905187,-0.012703,0.544598,0.892539,-0.011064
690,23000,True,0.9977,0.9977,0.581458,0.797814,0.0,0.537568,0.785526,-0.021272,0.500641,0.812572,-0.030989,0.479344,0.856815,-0.034794,0.471208,0.897222,-0.037319,0.537147,0.860197,-0.042268,0.512717,0.922378,-0.05159,0.492419,0.938404,-0.053013,0.478322,0.940679,-0.052477,0.560888,0.881743,-0.031889,0.525802,0.922543,-0.036705,0.510546,0.914383,-0.032905,0.507059,0.900146,-0.031097,0.577434,0.891224,-0.021252,0.542227,0.921999,-0.023583,0.531043,0.910949,-0.017766,0.529594,0.896315,-0.015436,0.587763,0.894905,-0.01204,0.557379,0.914134,-0.015458,0.547008,0.904201,-0.013254,0.546382,0.891299,-0.01155
691,23033,True,0.998,0.998,0.581792,0.797686,0.0,0.538104,0.785858,-0.020111,0.501283,0.812091,-0.029288,0.479816,0.856108,-0.032977,0.471789,0.896722,-0.035499,0.536545,0.860662,-0.038606,0.513192,0.921901,-0.047372,0.492817,0.93838,-0.049077,0.478302,0.94152,-0.048842,0.560188,0.881904,-0.028821,0.526079,0.922985,-0.033492,0.511651,0.914328,-0.030243,0.509217,0.899268,-0.028569,0.576987,0.891204,-0.018853,0.542894,0.921589,-0.021017,0.532636,0.910052,-0.01547,0.532313,0.894817,-0.013102,0.587782,0.894708,-0.010252,0.558127,0.913619,-0.013357,0.548539,0.903499,-0.011124,0.548595,0.890434,-0.009304
692,23066,True,0.9978,0.9978,0.581275,0.797145,0.0,0.538147,0.785734,-0.019276,0.501152,0.812392,-0.028106,0.480149,0.856676,-0.031454,0.472362,0.896624,-0.033629,0.535986,0.860574,-0.038732,0.512965,0.92279,-0.046881,0.493398,0.938548,-0.047909,0.479902,0.940935,-0.047264,0.559998,0.881329,-0.029098,0.526469,0.920802,-0.033364,0.513644,0.910163,-0.029649,0.512902,0.894455,-0.027842,0.577109,0.890297,-0.019094,0.543983,0.920071,-0.020774,0.535072,0.907955,-0.014637,0.536057,0.8928,-0.012109,0.588153,0.893976,-0.010357,0.559218,0.913001,-0.012862,0.550563,0.90257,-0.010065,0.551654,0.889873,-0.008037
693,23100,True,0.9982,0.9982,0.581812,0.796743,0.0,0.538272,0.785561,-0.01985,0.501478,0.811952,-0.028764,0.480362,0.856157,-0.032258,0.472193,0.89651,-0.03458,0.53671,0.860911,-0.037863,0.513115,0.922089,-0.045787,0.493949,0.938011,-0.046819,0.480514,0.940663,-0.046181,0.560483,0.881576,-0.027991,0.52739,0.922537,-0.031626,0.5135,0.914444,-0.027949,0.511218,0.899531,-0.02618,0.577397,0.890454,-0.017902,0.544028,0.920596,-0.019511,0.534609,0.909163,-0.014036,0.534788,0.893973,-0.011838,0.588217,0.893833,-0.009131,0.559143,0.912668,-0.01185,0.550163,0.902434,-0.009606,0.550623,0.889295,-0.007857
694,23133,True,0.9983,0.9983,0.581395,0.797071,0.0,0.537942,0.786026,-0.0194,0.501069,0.81244,-0.028281,0.479943,0.856396,-0.031994,0.471594,0.896612,-0.034547,0.536079,0.859936,-0.036871,0.512964,0.922099,-0.045,0.494128,0.937908,-0.046323,0.48126,0.940048,-0.045897,0.559914,0.880483,-0.027501,0.527194,0.921327,-0.031967,0.513871,0.912354,-0.028997,0.512348,0.896761,-0.027525,0.577043,0.889886,-0.017929,0.543854,0.920268,-0.019893,0.534904,0.908771,-0.014493,0.53551,0.893613,-0.01226,0.588224,0.894241,-0.009696,0.558902,0.912943,-0.012662,0.550021,0.902777,-0.010495,0.550591,0.889758,-0.008738
695,23166,True,0.9981,0.9981,0.58122,0.796769,0.0,0.538213,0.785671,-0.019613,0.501194,0.812371,-0.028519,0.480443,0.856973,-0.032038,0.472876,0.897064,-0.034354,0.535328,0.858844,-0.038604,0.512869,0.9222,-0.047072,0.494031,0.938441,-0.048368,0.481137,0.941051,-0.047876,0.559402,0.879888,-0.029141,0.526445,0.921302,-0.03409,0.513226,0.91218,-0.031112,0.511963,0.896329,-0.02957,0.576656,0.889864,-0.019389,0.543218,0.920894,-0.021625,0.534095,0.909506,-0.016234,0.534622,0.89447,-0.013969,0.587955,0.894745,-0.010953,0.558315,0.913764,-0.013947,0.549373,0.903841,-0.011755,0.549867,0.891244,-0.010004
696,23200,True,0.9987,0.9987,0.580497,0.794778,0.0,0.538128,0.785299,-0.019328,0.50203,0.811902,-0.02783,0.480876,0.85612,-0.03102,0.472642,0.895891,-0.032823,0.538316,0.863259,-0.035807,0.515945,0.921159,-0.042431,0.500672,0.933047,-0.042436,0.491639,0.932205,-0.041294,0.562139,0.882763,-0.026194,0.530922,0.921347,-0.029065,0.518953,0.91121,-0.025835,0.51862,0.895568,-0.024721,0.579009,0.890314,-0.016328,0.546943,0.919968,-0.017372,0.539318,0.907959,-0.012327,0.541108,0.892962,-0.01071,0.589915,0.893087,-0.007693,0.561584,0.913417,-0.00968,0.554186,0.902395,-0.007303,0.556027,0.888548,-0.005788
697,23233,True,0.9977,0.9977,0.58089,0.795804,0.0,0.537396,0.786369,-0.020214,0.50134,0.81098,-0.030399,0.479656,0.853661,-0.034993,0.470222,0.893719,-0.038474,0.536793,0.860469,-0.040826,0.511751,0.922995,-0.049294,0.492795,0.937637,-0.049909,0.479541,0.93969,-0.048591,0.560735,0.881265,-0.030675,0.526936,0.925985,-0.033563,0.511855,0.918992,-0.028743,0.508198,0.904753,-0.026293,0.577961,0.889831,-0.02016,0.544346,0.922943,-0.020739,0.534276,0.911011,-0.014327,0.533827,0.895151,-0.011759,0.589206,0.892691,-0.011025,0.559939,0.912909,-0.01286,0.550678,0.902177,-0.009941,0.550944,0.888601,-0.00781
698,23266,True,0.9975,0.9975,0.581545,0.796337,0.0,0.537735,0.785096,-0.020702,0.501259,0.811928,-0.030264,0.479716,0.856104,-0.034087,0.471143,0.896571,-0.036529,0.537463,0.861372,-0.040711,0.512067,0.924187,-0.049129,0.492204,0.937673,-0.049666,0.479003,0.938039,-0.048407,0.561514,0.882167,-0.030355,0.526106,0.9257,-0.034408,0.51182,0.915169,-0.030103,0.510744,0.898742,-0.027744,0.578203,0.890879,-0.019689,0.543109,0.924119,-0.021554,0.533326,0.910501,-0.015321,0.534604,0.893865,-0.012539,0.588653,0.894001,-0.010389,0.558058,0.914722,-0.013344,0.549093,0.902935,-0.010739,0.550624,0.888598,-0.008695
699,23300,True,0.9978,0.9978,0.581778,0.795382,0.0,0.538221,0.785386,-0.019963,0.501735,0.811727,-0.029402,0.480177,0.855264,-0.033076,0.471816,0.895395,-0.035517,0.537041,0.861068,-0.040841,0.512319,0.923841,-0.049008,0.492328,0.938238,-0.049536,0.478431,0.939104,-0.048278,0.561304,0.881518,-0.030579,0.526421,0.925528,-0.033489,0.511417,0.91689,-0.028568,0.508787,0.901489,-0.026149,0.578195,0.889861,-0.019915,0.54427,0.92352,-0.020691,0.533538,0.911648,-0.01446,0.533438,0.895454,-0.012056,0.588796,0.892473,-0.010541,0.559913,0.913744,-0.012702,0.55033,0.903264,-0.010051,0.550784,0.889576,-0.008196
700,23333,True,0.9974,0.9974,0.582253,0.795731,0.0,0.538081,0.785718,-0.01991,0.501648,0.812142,-0.029292,0.479922,0.855111,-0.032875,0.470891,0.894739,-0.035251,0.537226,0.860605,-0.041647,0.511906,0.922765,-0.049904,0.491816,0.937438,-0.050302,0.477706,0.93938,-0.048986,0.560796,0.881469,-0.031464,0.525181,0.925659,-0.034417,0.509368,0.917561,-0.02946,0.505748,0.902306,-0.027088,0.577232,0.890109,-0.020812,0.54221,0.923977,-0.021762,0.530816,0.912234,-0.015587,0.529988,0.896038,-0.013223,0.587576,0.892845,-0.011431,0.557873,0.914591,-0.013785,0.547887,0.904127,-0.011246,0.547815,0.890334,-0.009502
701,23366,True,0.9977,0.9977,0.580812,0.796735,0.0,0.537308,0.78655,-0.020079,0.501877,0.811942,-0.029426,0.480618,0.854639,-0.033135,0.471823,0.893526,-0.035498,0.537789,0.863385,-0.040243,0.511553,0.924841,-0.048336,0.492876,0.935593,-0.048586,0.48106,0.933828,-0.047122,0.561363,0.883081,-0.030048,0.526805,0.927845,-0.032962,0.511066,0.920116,-0.028607,0.507071,0.905771,-0.026658,0.577983,0.890899,-0.019469,0.543845,0.925466,-0.020447,0.532375,0.914242,-0.014852,0.531162,0.898869,-0.012868,0.588654,0.893055,-0.010185,0.559632,0.915171,-0.012789,0.549663,0.905098,-0.010585,0.549476,0.89149,-0.00898
702,23400,True,0.9968,0.9968,0.581918,0.794508,0.0,0.5387,0.785244,-0.020429,0.502709,0.810871,-0.030691,0.480351,0.853751,-0.035402,0.470233,0.894078,-0.039044,0.536286,0.861424,-0.039858,0.511621,0.922989,-0.04809,0.491821,0.937769,-0.048582,0.477677,0.938772,-0.047143,0.559943,0.881229,-0.029606,0.526072,0.926682,-0.032082,0.510405,0.920189,-0.027031,0.505868,0.90605,-0.024343,0.577132,0.889358,-0.019146,0.544609,0.923372,-0.019558,0.533483,0.912348,-0.013566,0.532039,0.896375,-0.011224,0.588476,0.891502,-0.010055,0.560841,0.912973,-0.011927,0.550814,0.903202,-0.009371,0.549985,0.889858,-0.007473
703,23433,True,0.9976,0.9976,0.581301,0.795079,0.0,0.537487,0.785662,-0.01956,0.501786,0.811882,-0.029122,0.479835,0.854835,-0.032891,0.471123,0.894148,-0.035509,0.537087,0.861273,-0.042493,0.510976,0.924335,-0.051208,0.491306,0.937218,-0.051698,0.478128,0.937375,-0.050169,0.561084,0.88139,-0.032319,0.525266,0.927933,-0.035235,0.50845,0.921264,-0.030322,0.503548,0.907012,-0.027955,0.578082,0.889689,-0.021548,0.543313,0.925319,-0.022184,0.530836,0.914699,-0.016206,0.528817,0.898831,-0.013995,0.588835,0.892094,-0.011977,0.559737,0.914772,-0.01409,0.548933,0.905298,-0.011589,0.547919,0.891915,-0.009818
704,23466,True,0.9967,0.9967,0.582182,0.795212,0.0,0.537764,0.785369,-0.020244,0.501671,0.812375,-0.030179,0.480108,0.856277,-0.034156,0.470322,0.896143,-0.037067,0.536429,0.861355,-0.042751,0.51161,0.923484,-0.051182,0.49131,0.93805,-0.051651,0.476746,0.939713,-0.050391,0.560628,0.882063,-0.032325,0.525148,0.924928,-0.035158,0.510152,0.915402,-0.029772,0.506951,0.900056,-0.027202,0.577684,0.8905,-0.021407,0.543335,0.923726,-0.022131,0.532362,0.911359,-0.015559,0.531664,0.895236,-0.013119,0.588547,0.893152,-0.011769,0.559653,0.914122,-0.013917,0.5498,0.903114,-0.01114,0.549808,0.889375,-0.00931
705,23500,True,0.9976,0.9976,0.581805,0.795587,0.0,0.537812,0.785714,-0.019536,0.501533,0.81198,-0.028692,0.480032,0.854944,-0.03219,0.471346,0.894572,-0.034595,0.537246,0.860591,-0.041165,0.512533,0.922877,-0.049519,0.49298,0.937181,-0.050215,0.479442,0.938745,-0.049098,0.561342,0.88117,-0.031167,0.52655,0.925228,-0.034294,0.511748,0.916192,-0.029677,0.509513,0.900265,-0.027535,0.578563,0.889295,-0.02065,0.544359,0.922948,-0.021755,0.534122,0.910447,-0.015588,0.534609,0.89393,-0.01315,0.589734,0.891504,-0.011328,0.560946,0.91324,-0.013597,0.551843,0.902253,-0.010824,0.552882,0.888064,-0.008903
706,23533,True,0.9972,0.9972,0.582239,0.79691,0.0,0.537849,0.785798,-0.019851,0.501207,0.811623,-0.02903,0.479371,0.854241,-0.032715,0.47073,0.894032,-0.035153,0.536937,0.860505,-0.039651,0.512336,0.923297,-0.048172,0.492548,0.938062,-0.049082,0.478997,0.939562,-0.048022,0.560811,0.881286,-0.029801,0.525793,0.926414,-0.033538,0.510409,0.917975,-0.029345,0.507657,0.90245,-0.027111,0.577625,0.889898,-0.019628,0.542677,0.92391,-0.021094,0.532088,0.911595,-0.014907,0.532245,0.895339,-0.012184,0.588329,0.892743,-0.010805,0.558023,0.913919,-0.013435,0.548426,0.90318,-0.010769,0.549124,0.889214,-0.008692
707,23566,True,0.9984,0.9984,0.581334,0.797489,0.0,0.537192,0.785792,-0.020488,0.500943,0.812414,-0.029549,0.480158,0.855508,-0.03275,0.471135,0.894331,-0.034564,0.537477,0.861499,-0.041246,0.51238,0.92366,-0.049309,0.493542,0.936205,-0.049563,0.481295,0.935648,-0.048134,0.561518,0.882055,-0.030622,0.527206,0.925524,-0.033728,0.51186,0.917596,-0.029236,0.508631,0.902919,-0.027157,0.578106,0.890822,-0.019589,0.543416,0.923328,-0.020666,0.532696,0.911659,-0.0149,0.532235,0.896236,-0.012739,0.588394,0.893891,-0.009877,0.558602,0.914102,-0.012515,0.54903,0.903465,-0.01043,0.549462,0.889857,-0.008904
708,23600,True,0.9988,0.9988,0.58283,0.797192,0.0,0.539518,0.784577,-0.020071,0.502339,0.810987,-0.0288,0.481573,0.855524,-0.032106,0.472162,0.89546,-0.033938,0.537982,0.859803,-0.037473,0.513185,0.922483,-0.044984,0.494235,0.936302,-0.045484,0.481847,0.937387,-0.044642,0.561746,0.880926,-0.027633,0.527271,0.922729,-0.032052,0.514221,0.912519,-0.028882,0.513955,0.897095,-0.02732,0.578038,0.890535,-0.017536,0.543758,0.923344,-0.019759,0.534527,0.910854,-0.014154,0.535838,0.895751,-0.01177,0.588408,0.895198,-0.008806,0.557816,0.91642,-0.012419,0.548631,0.905283,-0.010326,0.54974,0.891828,-0.008548
709,23633,True,0.9985,0.9985,0.581397,0.796106,0.0,0.538885,0.785161,-0.019004,0.502806,0.811061,-0.027024,0.48211,0.854875,-0.029856,0.473128,0.893928,-0.031347,0.537506,0.860543,-0.03543,0.514787,0.920865,-0.041787,0.498752,0.933363,-0.041583,0.488646,0.932933,-0.040289,0.56106,0.880315,-0.025782,0.530157,0.922315,-0.028357,0.517608,0.914087,-0.02498,0.516142,0.899535,-0.023692,0.57787,0.888887,-0.015836,0.546466,0.921163,-0.016697,0.538,0.909945,-0.011733,0.538861,0.895123,-0.010108,0.589048,0.892583,-0.007113,0.560959,0.91397,-0.009479,0.552674,0.90349,-0.007478,0.553708,0.889856,-0.006059
710,23666,True,0.9989,0.9989,0.581312,0.79686,0.0,0.537949,0.785891,-0.018418,0.502048,0.810885,-0.026181,0.482057,0.854177,-0.028988,0.472136,0.892726,-0.030412,0.536653,0.859861,-0.032341,0.516587,0.918945,-0.037492,0.502653,0.932479,-0.036487,0.49388,0.933606,-0.034667,0.560041,0.879939,-0.023004,0.531528,0.923363,-0.02457,0.518234,0.91962,-0.021232,0.514847,0.907802,-0.019848,0.57728,0.888636,-0.013462,0.547441,0.921609,-0.013648,0.537869,0.912506,-0.009401,0.536781,0.898777,-0.008112,0.588751,0.892631,-0.005103,0.562152,0.914569,-0.006688,0.552895,0.906538,-0.004921,0.552149,0.89453,-0.003641
711,23700,True,0.9986,0.9986,0.581243,0.798014,0.0,0.538036,0.785822,-0.018157,0.501396,0.811632,-0.026063,0.480666,0.855444,-0.029142,0.471571,0.894722,-0.031034,0.536318,0.860247,-0.03377,0.515808,0.9197,-0.040328,0.500208,0.933287,-0.04063,0.490643,0.933256,-0.039571,0.560276,0.880403,-0.024739,0.530043,0.920598,-0.027932,0.517832,0.91205,-0.02516,0.517408,0.896849,-0.02397,0.577515,0.888976,-0.015433,0.546388,0.919865,-0.016279,0.538216,0.90867,-0.01124,0.539805,0.893698,-0.009371,0.5888,0.89297,-0.007318,0.561012,0.913993,-0.00893,0.552747,0.904334,-0.006451,0.554172,0.891273,-0.004689
712,23733,True,0.9986,0.9986,0.581505,0.797733,0.0,0.538639,0.785866,-0.019,0.50183,0.811976,-0.027045,0.480925,0.855702,-0.0299,0.471701,0.894555,-0.031639,0.537187,0.860654,-0.035636,0.514522,0.920273,-0.042471,0.497224,0.934823,-0.042978,0.48566,0.936602,-0.042161,0.560732,0.88109,-0.026012,0.529963,0.922539,-0.028618,0.516273,0.916724,-0.025414,0.513335,0.903643,-0.024318,0.577663,0.889761,-0.016132,0.546323,0.920942,-0.016897,0.536921,0.911047,-0.012086,0.536624,0.896886,-0.010572,0.588741,0.893346,-0.007486,0.561404,0.914849,-0.009585,0.551895,0.905959,-0.007562,0.551749,0.89317,-0.006155
713,23766,True,0.9989,0.9989,0.581809,0.796815,0.0,0.538603,0.78589,-0.017947,0.50215,0.811339,-0.025612,0.481621,0.855204,-0.028494,0.472201,0.893737,-0.030029,0.536762,0.859737,-0.032057,0.517669,0.918472,-0.037727,0.504321,0.931186,-0.037429,0.496341,0.931206,-0.036197,0.560531,0.879655,-0.023201,0.532159,0.921363,-0.025592,0.520363,0.914485,-0.022805,0.519352,0.900505,-0.021783,0.577932,0.88847,-0.014141,0.548657,0.920651,-0.01459,0.540644,0.910608,-0.009969,0.541622,0.896353,-0.008468,0.589633,0.892789,-0.006265,0.563475,0.914643,-0.007755,0.555602,0.905765,-0.005589,0.556545,0.893171,-0.004114
714,23800,True,0.9979,0.9979,0.580086,0.797414,0.0,0.53695,0.785832,-0.018594,0.501094,0.811585,-0.027142,0.480584,0.854717,-0.030391,0.470726,0.893963,-0.032595,0.536025,0.860615,-0.037573,0.51213,0.922093,-0.044651,0.492972,0.936195,-0.044926,0.480365,0.937143,-0.043702,0.560281,0.881282,-0.027903,0.526926,0.921932,-0.030737,0.513545,0.912358,-0.026749,0.51263,0.897157,-0.024859,0.577607,0.889491,-0.017723,0.544376,0.920322,-0.018171,0.535159,0.907841,-0.01204,0.536384,0.892364,-0.009611,0.588674,0.892607,-0.008714,0.560173,0.913521,-0.01037,0.550742,0.902741,-0.007327,0.551915,0.88919,-0.005109
715,23833,True,0.999,0.999,0.582045,0.797751,0.0,0.539093,0.785669,-0.020537,0.501623,0.811269,-0.029675,0.480795,0.855028,-0.033323,0.471552,0.895269,-0.035672,0.537704,0.860184,-0.037745,0.514246,0.920385,-0.045419,0.496455,0.935189,-0.046017,0.484747,0.93649,-0.045113,0.561275,0.880562,-0.027672,0.52989,0.924288,-0.031169,0.515333,0.918737,-0.027906,0.511756,0.90535,-0.026554,0.577788,0.8898,-0.017458,0.546003,0.923653,-0.019208,0.535407,0.914295,-0.01458,0.534142,0.90027,-0.012985,0.588546,0.893903,-0.008568,0.560675,0.916849,-0.011859,0.550424,0.908159,-0.010382,0.549611,0.895516,-0.009174
716,23866,True,0.999,0.999,0.58204,0.798373,0.0,0.538472,0.785702,-0.01943,0.501545,0.812017,-0.027661,0.480983,0.8561,-0.030409,0.472543,0.895311,-0.031934,0.537082,0.85991,-0.037823,0.514511,0.921051,-0.045214,0.496048,0.935413,-0.045722,0.483856,0.936569,-0.044693,0.560723,0.880684,-0.027761,0.528991,0.923808,-0.030568,0.514427,0.917916,-0.026779,0.511399,0.904605,-0.025137,0.577248,0.889829,-0.017378,0.545045,0.921276,-0.018206,0.535158,0.911066,-0.01306,0.535033,0.896601,-0.011222,0.58781,0.893584,-0.008244,0.559372,0.914437,-0.010451,0.550037,0.904921,-0.008403,0.550499,0.891918,-0.006895
717,23900,True,0.9992,0.9992,0.581896,0.794356,0.0,0.538976,0.784291,-0.018189,0.50237,0.811666,-0.02556,0.482312,0.855612,-0.027889,0.47204,0.893845,-0.028898,0.537635,0.858624,-0.032361,0.519972,0.914497,-0.037621,0.507619,0.930221,-0.037015,0.500046,0.933262,-0.035724,0.561168,0.878192,-0.02321,0.533662,0.917817,-0.025185,0.521693,0.911084,-0.021918,0.519955,0.896473,-0.020672,0.577923,0.886614,-0.013878,0.548099,0.91676,-0.014483,0.540332,0.906656,-0.009896,0.541032,0.892117,-0.008381,0.588913,0.890016,-0.005692,0.56191,0.910617,-0.007431,0.55397,0.901348,-0.005524,0.554715,0.888407,-0.004265
718,23933,True,0.9987,0.9987,0.579715,0.798051,0.0,0.537483,0.784877,-0.020309,0.500886,0.810987,-0.030177,0.479438,0.854665,-0.034348,0.468984,0.894281,-0.03744,0.535682,0.857566,-0.041733,0.512052,0.920933,-0.050645,0.492414,0.938055,-0.051751,0.479372,0.940723,-0.050684,0.559604,0.878495,-0.031601,0.525882,0.92354,-0.036121,0.51153,0.917582,-0.032089,0.509664,0.904415,-0.029661,0.576239,0.888662,-0.021043,0.541789,0.922297,-0.022773,0.532648,0.910735,-0.016634,0.533771,0.895819,-0.013666,0.586672,0.893625,-0.01178,0.556182,0.915542,-0.014436,0.546648,0.906049,-0.011825,0.547228,0.893912,-0.009577
719,23966,True,0.9993,0.9993,0.581396,0.795151,0.0,0.53867,0.783761,-0.019686,0.500438,0.811159,-0.028125,0.480153,0.855538,-0.03125,0.471085,0.89556,-0.032907,0.53729,0.858193,-0.036454,0.515333,0.921379,-0.044574,0.496825,0.935817,-0.045607,0.485437,0.935401,-0.044731,0.561656,0.878162,-0.026719,0.530301,0.921867,-0.031428,0.516224,0.914394,-0.028832,0.514891,0.899651,-0.027422,0.577753,0.887248,-0.016814,0.545971,0.919389,-0.018846,0.536544,0.908601,-0.013983,0.53741,0.893926,-0.011888,0.587586,0.891342,-0.008227,0.559036,0.912416,-0.01109,0.550203,0.90207,-0.00908,0.551545,0.888856,-0.007316
720,24000,True,0.997,0.997,0.580395,0.796326,0.0,0.536802,0.78498,-0.01883,0.499516,0.81239,-0.02777,0.4792,0.857948,-0.031097,0.471113,0.897067,-0.03343,0.534925,0.858914,-0.041965,0.509896,0.923709,-0.050509,0.490335,0.938178,-0.051339,0.477223,0.939908,-0.050469,0.560572,0.879819,-0.032385,0.526071,0.922445,-0.036795,0.513906,0.911469,-0.032674,0.514234,0.896091,-0.03068,0.577774,0.888394,-0.022039,0.544182,0.921087,-0.02323,0.535892,0.908314,-0.016469,0.538188,0.892429,-0.013727,0.588317,0.891729,-0.012887,0.559744,0.913933,-0.014873,0.551324,0.903168,-0.011533,0.553132,0.890003,-0.009222
721,24033,True,0.9973,0.9973,0.579174,0.795581,0.0,0.535557,0.787067,-0.018677,0.498779,0.815069,-0.027105,0.478824,0.860134,-0.030302,0.470892,0.899918,-0.032234,0.534883,0.861217,-0.038578,0.509898,0.925565,-0.046454,0.491113,0.937274,-0.046784,0.47914,0.936708,-0.045756,0.560262,0.880167,-0.029516,0.526477,0.92539,-0.033914,0.514017,0.914218,-0.030106,0.514332,0.898574,-0.02826,0.577452,0.888168,-0.019905,0.544801,0.923394,-0.021502,0.53687,0.909954,-0.014446,0.539528,0.893713,-0.011268,0.58832,0.891268,-0.011614,0.559927,0.914766,-0.014489,0.552145,0.903353,-0.011254,0.554337,0.889838,-0.008766
722,24066,True,0.9984,0.9984,0.581299,0.795682,0.0,0.53727,0.785163,-0.020578,0.499631,0.812342,-0.030632,0.478577,0.856781,-0.034663,0.471073,0.896406,-0.037192,0.536453,0.858186,-0.045361,0.509555,0.926973,-0.056081,0.487261,0.938945,-0.057735,0.472386,0.93785,-0.057075,0.561857,0.880152,-0.035344,0.523971,0.926104,-0.041548,0.508912,0.914674,-0.037424,0.50776,0.899056,-0.035185,0.57843,0.890184,-0.024718,0.542382,0.92515,-0.027386,0.531732,0.911453,-0.020244,0.532399,0.895139,-0.016923,0.588028,0.894181,-0.015474,0.557273,0.918087,-0.019108,0.54706,0.906288,-0.015833,0.547776,0.892083,-0.013152
723,24100,True,0.9989,0.9989,0.581658,0.794453,0.0,0.537198,0.784662,-0.021417,0.499453,0.813918,-0.031718,0.478104,0.860044,-0.035601,0.471275,0.901213,-0.03825,0.535912,0.859991,-0.047877,0.508508,0.926904,-0.059062,0.486154,0.941976,-0.061517,0.470099,0.944246,-0.061469,0.561238,0.880885,-0.0372,0.525502,0.930127,-0.042778,0.508279,0.924319,-0.03893,0.502466,0.911441,-0.037384,0.577603,0.890642,-0.025826,0.54313,0.929395,-0.028019,0.529095,0.920664,-0.022059,0.52526,0.906068,-0.019955,0.586826,0.894476,-0.01583,0.557325,0.921336,-0.019463,0.544515,0.913069,-0.017188,0.541766,0.900324,-0.015509
724,24133,True,0.9987,0.9987,0.582946,0.794888,0.0,0.538828,0.785383,-0.021558,0.500182,0.8147,-0.032398,0.477916,0.858918,-0.037101,0.470441,0.899809,-0.04097,0.536412,0.860371,-0.047551,0.50516,0.925862,-0.059825,0.479028,0.950004,-0.063763,0.459069,0.962463,-0.064731,0.560894,0.881342,-0.037318,0.523249,0.93348,-0.044534,0.504177,0.930803,-0.041718,0.497127,0.918306,-0.040347,0.576648,0.891528,-0.026449,0.539882,0.932943,-0.030164,0.523941,0.925442,-0.024582,0.519161,0.910632,-0.02212,0.585289,0.895985,-0.01698,0.554224,0.92478,-0.021392,0.539287,0.917156,-0.019139,0.535605,0.903948,-0.017241
725,24166,True,0.998,0.998,0.583119,0.793055,0.0,0.539141,0.785415,-0.022269,0.500696,0.813919,-0.034529,0.476803,0.856501,-0.040681,0.468986,0.897088,-0.045613,0.539479,0.858317,-0.048961,0.509056,0.924304,-0.06252,0.483593,0.944163,-0.066779,0.464621,0.95227,-0.067682,0.563867,0.879778,-0.039148,0.522721,0.930455,-0.048587,0.504839,0.922207,-0.04598,0.500585,0.90712,-0.044177,0.579087,0.891103,-0.028789,0.53913,0.932964,-0.034043,0.524503,0.922101,-0.027487,0.522324,0.905615,-0.023859,0.586778,0.897125,-0.019956,0.55288,0.925841,-0.025164,0.538792,0.917006,-0.022375,0.536682,0.903871,-0.019794
726,24200,True,0.9979,0.9979,0.582389,0.793898,0.0,0.538032,0.785058,-0.021979,0.501407,0.813733,-0.034089,0.479173,0.857285,-0.039657,0.471251,0.897452,-0.043643,0.540091,0.855601,-0.051349,0.511653,0.926211,-0.063923,0.486572,0.941458,-0.066279,0.46896,0.94361,-0.065756,0.565058,0.877099,-0.041131,0.522117,0.928142,-0.049702,0.503723,0.918946,-0.045393,0.500092,0.903399,-0.042509,0.580275,0.888397,-0.030133,0.539202,0.929724,-0.034271,0.523985,0.918017,-0.026776,0.521838,0.901338,-0.022883,0.587782,0.893988,-0.020625,0.553369,0.920401,-0.025479,0.539203,0.910982,-0.022627,0.536691,0.898224,-0.020099
727,24233,True,0.9985,0.9985,0.583054,0.79415,0.0,0.539064,0.785359,-0.020878,0.502149,0.813095,-0.03273,0.479013,0.855632,-0.038529,0.470762,0.895587,-0.043059,0.539175,0.85445,-0.048654,0.511037,0.925218,-0.061108,0.486508,0.943885,-0.064414,0.468914,0.950126,-0.064881,0.56462,0.876022,-0.039376,0.524435,0.929034,-0.047825,0.507256,0.921024,-0.044312,0.503962,0.905931,-0.04221,0.581255,0.887461,-0.029351,0.542336,0.931288,-0.033017,0.528698,0.920579,-0.025341,0.5276,0.90402,-0.021599,0.590239,0.893538,-0.020852,0.557164,0.922486,-0.025365,0.544122,0.914364,-0.022243,0.54232,0.902149,-0.019727
728,24266,True,0.9984,0.9984,0.583216,0.790269,0.0,0.540027,0.782418,-0.019807,0.503148,0.811627,-0.02963,0.48087,0.855807,-0.033963,0.471291,0.895269,-0.036993,0.538144,0.855367,-0.040452,0.513786,0.921165,-0.049597,0.494519,0.937537,-0.050729,0.481254,0.940574,-0.049916,0.562843,0.874744,-0.030845,0.530124,0.923544,-0.035552,0.515241,0.917932,-0.031771,0.510688,0.905479,-0.029975,0.579857,0.884744,-0.020848,0.546999,0.92304,-0.02232,0.535863,0.914289,-0.015946,0.533993,0.900142,-0.013398,0.590084,0.890317,-0.012313,0.561887,0.916153,-0.015182,0.550799,0.908638,-0.012698,0.54872,0.897198,-0.010791
729,24300,True,0.9985,0.9985,0.582056,0.790651,0.0,0.5393,0.782599,-0.019571,0.502547,0.811654,-0.028851,0.480606,0.855262,-0.032528,0.472566,0.894725,-0.034503,0.539338,0.85372,-0.042381,0.515805,0.9209,-0.051276,0.49766,0.933785,-0.051332,0.4867,0.932618,-0.04958,0.56395,0.873538,-0.032767,0.530104,0.920864,-0.037883,0.516309,0.911491,-0.033583,0.515077,0.89631,-0.031262,0.580274,0.884112,-0.022555,0.545741,0.920568,-0.024268,0.536326,0.908865,-0.017073,0.537487,0.893594,-0.013822,0.5899,0.890385,-0.013753,0.559379,0.91397,-0.016559,0.549779,0.904014,-0.013566,0.550436,0.891367,-0.01128
730,24333,True,0.9986,0.9986,0.582241,0.793301,0.0,0.538414,0.78346,-0.019892,0.501149,0.812035,-0.029554,0.479403,0.856348,-0.033268,0.471788,0.896467,-0.03541,0.538404,0.855129,-0.044899,0.514193,0.923322,-0.053837,0.494131,0.935478,-0.053701,0.481886,0.933552,-0.051777,0.563705,0.875477,-0.034918,0.527632,0.922043,-0.040368,0.51363,0.911224,-0.035708,0.513355,0.895236,-0.033014,0.58011,0.885752,-0.02414,0.545079,0.921819,-0.02574,0.534835,0.909361,-0.018387,0.536194,0.893284,-0.015142,0.589642,0.891476,-0.014738,0.558853,0.913771,-0.017443,0.5493,0.903261,-0.014412,0.550359,0.890479,-0.012164
731,24366,True,0.9984,0.9984,0.582492,0.792192,0.0,0.538146,0.78286,-0.01906,0.500016,0.813162,-0.027923,0.479001,0.858201,-0.031286,0.471293,0.897574,-0.033364,0.536833,0.854703,-0.041288,0.513801,0.921628,-0.050548,0.494171,0.938348,-0.051886,0.481224,0.941346,-0.051332,0.562342,0.874827,-0.032138,0.528088,0.921164,-0.038346,0.514904,0.910936,-0.034933,0.514548,0.895188,-0.033081,0.579302,0.885009,-0.022381,0.54573,0.922109,-0.024733,0.535693,0.910981,-0.017653,0.536654,0.895539,-0.014446,0.589538,0.890814,-0.014027,0.56008,0.915289,-0.017379,0.549863,0.906565,-0.014547,0.549816,0.895008,-0.012405
732,24400,True,0.9973,0.9973,0.582116,0.792882,0.0,0.53854,0.783912,-0.019901,0.500644,0.813349,-0.028597,0.481154,0.858993,-0.031612,0.473017,0.897704,-0.033311,0.538056,0.859122,-0.040489,0.514191,0.923144,-0.049521,0.49498,0.937173,-0.05101,0.482372,0.937678,-0.050536,0.563034,0.878434,-0.030725,0.529822,0.925067,-0.035844,0.514751,0.917481,-0.032733,0.511953,0.902721,-0.031344,0.579949,0.887302,-0.02057,0.54742,0.924205,-0.022799,0.536513,0.913761,-0.017119,0.536196,0.898161,-0.014801,0.59045,0.891379,-0.011783,0.562346,0.915824,-0.015234,0.55254,0.906371,-0.013127,0.552749,0.893038,-0.01147
733,24433,True,0.9983,0.9983,0.581102,0.793642,0.0,0.536682,0.785649,-0.018047,0.50051,0.813538,-0.026326,0.480107,0.858909,-0.029792,0.471154,0.899171,-0.031992,0.535678,0.861059,-0.034973,0.513248,0.923583,-0.04278,0.497433,0.933347,-0.043819,0.48809,0.931199,-0.043327,0.561168,0.879424,-0.026526,0.529663,0.923452,-0.031062,0.517758,0.912082,-0.028332,0.518247,0.895623,-0.027161,0.579243,0.887366,-0.01778,0.548151,0.9227,-0.019402,0.540208,0.910173,-0.013372,0.542505,0.894038,-0.010854,0.590941,0.891162,-0.010338,0.563629,0.915263,-0.012981,0.556271,0.904379,-0.010191,0.558192,0.89064,-0.008081
734,24466,True,0.9986,0.9986,0.581487,0.793292,0.0,0.537354,0.784954,-0.018161,0.500661,0.813274,-0.026528,0.480026,0.859029,-0.029873,0.471688,0.899333,-0.031876,0.536271,0.860155,-0.036173,0.514096,0.923692,-0.044256,0.497721,0.933434,-0.045421,0.488152,0.930743,-0.04499,0.561913,0.878901,-0.027531,0.530229,0.921827,-0.032336,0.51936,0.908902,-0.029393,0.521277,0.892389,-0.028129,0.579675,0.887271,-0.018535,0.549212,0.92168,-0.020182,0.541932,0.908302,-0.013682,0.545195,0.892313,-0.010957,0.591067,0.891568,-0.010846,0.564207,0.915441,-0.013384,0.557624,0.903712,-0.010213,0.560508,0.890135,-0.00793
735,24500,True,0.9985,0.9985,0.581026,0.792991,0.0,0.536895,0.784327,-0.018845,0.500484,0.812441,-0.02787,0.478761,0.857115,-0.031511,0.469826,0.898077,-0.034001,0.534615,0.859798,-0.038904,0.51152,0.924512,-0.046955,0.493169,0.938367,-0.047631,0.48139,0.939049,-0.046655,0.56001,0.879155,-0.029418,0.527692,0.92354,-0.033041,0.51495,0.912738,-0.028707,0.5145,0.89663,-0.026628,0.578172,0.887606,-0.019493,0.546239,0.921992,-0.020535,0.537805,0.909145,-0.0138,0.53959,0.893057,-0.011016,0.589774,0.891614,-0.010816,0.561749,0.914644,-0.013122,0.553555,0.903233,-0.010002,0.55524,0.889488,-0.007727
736,24533,True,0.9987,0.9987,0.581606,0.790353,0.0,0.5368,0.782501,-0.01971,0.49851,0.813164,-0.028803,0.476022,0.857956,-0.032259,0.467738,0.898989,-0.034673,0.534823,0.858616,-0.040661,0.511455,0.922249,-0.050215,0.490884,0.942004,-0.052536,0.476272,0.948082,-0.052555,0.560141,0.878387,-0.030851,0.527312,0.926042,-0.035941,0.511953,0.918221,-0.032794,0.50894,0.902573,-0.031209,0.577282,0.887295,-0.020599,0.544035,0.925014,-0.022864,0.532547,0.914367,-0.017125,0.532093,0.898491,-0.014623,0.587642,0.891337,-0.011584,0.558495,0.917125,-0.014623,0.54777,0.907431,-0.012028,0.547883,0.893828,-0.010002
737,24566,True,0.9979,0.9979,0.58107,0.791329,0.0,0.537615,0.783505,-0.018962,0.500908,0.813312,-0.027748,0.478612,0.857422,-0.031073,0.469662,0.896807,-0.033172,0.537123,0.860826,-0.039369,0.513917,0.923256,-0.047837,0.495347,0.937314,-0.04901,0.482977,0.937917,-0.048408,0.561436,0.879996,-0.02969,0.529318,0.922185,-0.03271,0.515284,0.914295,-0.028458,0.512017,0.900536,-0.026931,0.57857,0.887989,-0.019619,0.545875,0.918963,-0.020043,0.536598,0.908673,-0.013685,0.536451,0.894009,-0.011566,0.589494,0.891038,-0.010852,0.561032,0.911738,-0.012592,0.551977,0.901778,-0.009712,0.55247,0.888674,-0.007855
738,24600,True,0.9985,0.9985,0.582801,0.798295,0.0,0.538466,0.790558,-0.019366,0.500265,0.820117,-0.028417,0.479114,0.86647,-0.032062,0.470125,0.906877,-0.034349,0.536735,0.866162,-0.038357,0.515213,0.925636,-0.046716,0.502155,0.941802,-0.0475,0.494695,0.945184,-0.046554,0.561949,0.886951,-0.028941,0.529606,0.921899,-0.0332,0.517979,0.909334,-0.029536,0.517161,0.893156,-0.027868,0.579324,0.89572,-0.019241,0.545451,0.922858,-0.020701,0.53795,0.910644,-0.014346,0.538893,0.895992,-0.011812,0.590305,0.900503,-0.0109,0.559282,0.917093,-0.012422,0.551398,0.906384,-0.009368,0.552301,0.894124,-0.007329
739,24633,True,0.9985,0.9985,0.580941,0.797594,0.0,0.538016,0.789952,-0.019645,0.50196,0.819474,-0.028959,0.481392,0.865246,-0.032841,0.470904,0.90544,-0.035534,0.537232,0.869233,-0.037864,0.515987,0.925931,-0.045475,0.50404,0.939782,-0.045832,0.497776,0.940863,-0.044733,0.562402,0.887697,-0.028213,0.533006,0.924316,-0.030944,0.521263,0.91565,-0.02713,0.518767,0.90205,-0.025928,0.580244,0.89415,-0.018341,0.549495,0.923543,-0.019077,0.540946,0.913516,-0.01366,0.539982,0.899976,-0.012159,0.591714,0.896099,-0.009737,0.564613,0.915279,-0.011244,0.555642,0.905883,-0.008741,0.554987,0.893809,-0.007288
740,24666,True,0.9987,0.9987,0.583018,0.791622,0.0,0.540563,0.78512,-0.01973,0.50255,0.815587,-0.028406,0.478658,0.859761,-0.032399,0.472932,0.901504,-0.035239,0.537127,0.861155,-0.033021,0.518358,0.917349,-0.041709,0.505485,0.933883,-0.043781,0.497542,0.937049,-0.043551,0.56118,0.878737,-0.024186,0.534706,0.922038,-0.028642,0.52134,0.920245,-0.027194,0.516287,0.910056,-0.026756,0.578183,0.887076,-0.015618,0.549063,0.919862,-0.01807,0.539544,0.913015,-0.014413,0.537334,0.901257,-0.013034,0.588945,0.891633,-0.008464,0.561406,0.915071,-0.010707,0.552226,0.90761,-0.008445,0.55082,0.895711,-0.00664
741,24700,True,0.9987,0.9987,0.580518,0.788608,0.0,0.537793,0.779994,-0.01849,0.500845,0.810626,-0.027054,0.480891,0.856586,-0.030509,0.472674,0.896711,-0.032972,0.53398,0.852987,-0.037725,0.517658,0.912054,-0.045986,0.504173,0.932006,-0.046873,0.495724,0.937207,-0.045963,0.559207,0.873293,-0.028901,0.531595,0.909652,-0.033101,0.521337,0.898385,-0.029331,0.521545,0.881126,-0.027458,0.577122,0.882114,-0.019755,0.547143,0.909052,-0.021133,0.541101,0.896752,-0.014383,0.543558,0.8813,-0.011475,0.588988,0.886528,-0.011873,0.561125,0.904406,-0.013007,0.554242,0.892888,-0.009256,0.556613,0.880062,-0.006775
742,24733,True,0.9991,0.9991,0.580391,0.792043,0.0,0.538439,0.78368,-0.018975,0.501287,0.814666,-0.028056,0.479188,0.861539,-0.032129,0.472355,0.902809,-0.035301,0.535386,0.853706,-0.037574,0.517964,0.911894,-0.046009,0.505232,0.9326,-0.04707,0.497194,0.939818,-0.046286,0.559548,0.874365,-0.028772,0.531563,0.909946,-0.033668,0.522192,0.90082,-0.030189,0.522493,0.885845,-0.028175,0.576866,0.884499,-0.019766,0.545712,0.910378,-0.021884,0.540951,0.900072,-0.015917,0.543397,0.886335,-0.013162,0.587968,0.891256,-0.012049,0.558217,0.907213,-0.013338,0.552695,0.896951,-0.01012,0.55505,0.885283,-0.007911
743,24766,True,0.9986,0.9986,0.58051,0.798949,0.0,0.538149,0.78983,-0.018804,0.500212,0.8189,-0.02761,0.479072,0.865841,-0.031438,0.471817,0.906871,-0.034441,0.533481,0.862548,-0.035522,0.516941,0.919587,-0.043837,0.506238,0.940327,-0.045867,0.499978,0.947783,-0.046051,0.55816,0.883123,-0.026911,0.53141,0.915336,-0.031791,0.522754,0.904518,-0.029576,0.523544,0.888611,-0.028585,0.576402,0.891972,-0.018173,0.547301,0.916458,-0.019977,0.54234,0.906081,-0.014762,0.544164,0.892509,-0.012736,0.589171,0.897392,-0.010738,0.560848,0.911741,-0.012093,0.554905,0.901747,-0.009338,0.556486,0.890191,-0.007493
744,24800,True,0.9982,0.9982,0.580697,0.796462,0.0,0.538588,0.789453,-0.017771,0.502003,0.818456,-0.025863,0.480879,0.863178,-0.029069,0.473345,0.902191,-0.031126,0.536481,0.865939,-0.034503,0.516791,0.921419,-0.041954,0.505243,0.938819,-0.043105,0.499113,0.943855,-0.042844,0.560786,0.885872,-0.026089,0.53025,0.914416,-0.030107,0.521133,0.900469,-0.027127,0.522273,0.884046,-0.026054,0.577913,0.893133,-0.01744,0.54566,0.916098,-0.019049,0.539826,0.903956,-0.013048,0.541907,0.88983,-0.010788,0.589062,0.896404,-0.010029,0.558965,0.911183,-0.011561,0.552444,0.900064,-0.008287,0.554338,0.887887,-0.006232
745,24833,True,0.9985,0.9985,0.580365,0.790028,0.0,0.539322,0.783156,-0.018169,0.503233,0.811412,-0.026464,0.481289,0.854388,-0.030133,0.474293,0.893759,-0.032418,0.535625,0.861144,-0.032765,0.517604,0.91896,-0.040679,0.504152,0.932132,-0.041915,0.496995,0.930528,-0.041047,0.559885,0.878648,-0.02419,0.532135,0.916824,-0.027781,0.52042,0.908979,-0.025272,0.518713,0.894997,-0.024349,0.577098,0.885864,-0.0157,0.54702,0.91547,-0.017389,0.538895,0.905685,-0.012727,0.5395,0.891645,-0.011043,0.588294,0.889103,-0.008429,0.559858,0.90949,-0.010029,0.552138,0.899679,-0.00716,0.553103,0.88661,-0.005126
746,24866,True,0.9983,0.9983,0.580293,0.793022,0.0,0.536951,0.782509,-0.020309,0.500031,0.812714,-0.029869,0.478821,0.858678,-0.033968,0.471622,0.900227,-0.036692,0.535238,0.858728,-0.041043,0.512932,0.9231,-0.051513,0.492694,0.93867,-0.053884,0.480243,0.939283,-0.053689,0.559742,0.879218,-0.031462,0.525741,0.91749,-0.03836,0.51345,0.904085,-0.035511,0.514587,0.887534,-0.033746,0.576027,0.88821,-0.02169,0.540257,0.917007,-0.02509,0.531996,0.903761,-0.018806,0.534428,0.888537,-0.015698,0.585875,0.892961,-0.013282,0.552888,0.911609,-0.016293,0.544312,0.899868,-0.013198,0.546589,0.886792,-0.010732
747,24900,True,0.9987,0.9987,0.580695,0.795282,0.0,0.539178,0.788019,-0.018823,0.502818,0.817738,-0.027064,0.481378,0.86298,-0.030358,0.474061,0.901878,-0.032319,0.53537,0.867953,-0.033927,0.512739,0.925048,-0.042529,0.498736,0.940313,-0.044701,0.491025,0.942636,-0.044713,0.558393,0.886717,-0.024838,0.528593,0.923045,-0.028542,0.516132,0.916926,-0.026519,0.512981,0.905645,-0.026217,0.574805,0.894678,-0.01581,0.543007,0.922181,-0.017615,0.534509,0.913591,-0.013576,0.533582,0.901447,-0.012451,0.585579,0.898471,-0.008057,0.556197,0.917587,-0.010189,0.547844,0.908705,-0.008174,0.547466,0.896586,-0.00673
748,24933,True,0.9969,0.9969,0.580978,0.796446,0.0,0.538386,0.790257,-0.01783,0.500131,0.821101,-0.025661,0.479795,0.868462,-0.028876,0.474743,0.908491,-0.030818,0.534984,0.86846,-0.031259,0.515948,0.924595,-0.039018,0.506437,0.943871,-0.041023,0.502025,0.951537,-0.041432,0.559558,0.887353,-0.023323,0.529354,0.917949,-0.028866,0.52039,0.904185,-0.027672,0.52206,0.887911,-0.027241,0.576678,0.894988,-0.015345,0.54527,0.920165,-0.018175,0.539157,0.908151,-0.013222,0.541413,0.894018,-0.011038,0.588083,0.899739,-0.008682,0.558553,0.916211,-0.010915,0.551792,0.905445,-0.008173,0.55357,0.892933,-0.006144
